0.916290732	7.480428306	3.60631273	2.357073278	2.296567021	2.921547375	2.223541886	2.556451817	-0.84397007	-1.078809661	-3.506557897	NAN	4.159820144	NAN	3.531933204	0.494696242	8.251663924	0
0.916290732	7.480428306	3.719408659	1.576914721	2.520917087	2.768831673	2.0255132	2.593013391	-4.605170186	-0.400477567	-1.966112856	NAN	4.170379248	NAN	3.520756617	0.39877612	7.820037989	0
0.916290732	7.422373701	3.504956616	2.84549061	1.993338843	3.134189017	1.774952351	2.38416508	-1.714798428	-1.021651248	-2.659260037	NAN	4.157945144	NAN	3.528417232	0.565313809	8.427268484	0
0.693147181	7.480428306	3.651177587	2.289499853	2.295560478	2.893145685	2.125847914	2.509599262	-1.108662625	-1.078809661	-2.659260037	NAN	4.152456225	NAN	3.50465609	0.841567186	8.44634145	0
0.405465108	7.535296702	3.758638699	1.562346305	2.591516385	2.872999508	1.91102289	2.467251715	-4.605170186	-0.713349888	-1.966112856	NAN	4.157319361	NAN	3.519868911	1.029619417	8.475954443	0
0.405465108	7.535296702	3.641787847	2.323367632	2.269028309	2.956991445	2.118662255	2.444952334	-0.967584026	-0.94160854	-2.995732274	NAN	4.147253218	NAN	3.548179572	0.678033543	8.676587244	0
0.405465108	7.508238775	3.672241813	2.373975089	2.227861547	2.874129452	2.129421474	2.520917087	-0.994252273	-0.994252273	-2.813410717	NAN	4.168988105	NAN	3.505857652	0.819779831	8.423102268	0
0.405465108	7.480428306	3.654029177	2.33117255	2.263844265	2.784393768	2.194999882	2.588515632	-1.049822124	-0.994252273	-2.813410717	NAN	4.157475844	NAN	3.514526067	0.737164066	8.57847642	0
0.405465108	7.451822237	3.665354909	2.399711804	2.194999882	2.911263117	2.102913898	2.479894108	-0.994252273	-0.994252273	-2.995732274	NAN	4.151354817	NAN	3.529297384	0.810930216	8.402904045	0
0.405465108	7.422373701	3.665098925	2.386006701	2.18492705	2.907447359	2.117459609	2.498151877	-0.94160854	-1.049822124	-2.813410717	NAN	4.159820144	NAN	3.515121128	0.815364813	8.236420527	0
0.405465108	7.422373701	3.654029177	2.345644582	2.251291799	2.885359216	2.134166441	2.547881449	-0.967584026	-0.967584026	-2.995732274	NAN	4.149148354	NAN	3.515121128	0.940007258	8.279189777	0
0.405465108	7.422373701	3.725211383	1.534714366	2.566486637	2.817801065	1.964311234	2.606386547	-3.912023005	-0.653926467	-1.966112856	NAN	4.172693529	NAN	3.48553853	0.91228271	7.937374696	0
0	7.480428306	3.636796374	2.386006701	2.241772954	2.90416508	2.164471791	2.479894108	-1.021651248	-1.078809661	-2.995732274	NAN	4.158570535	NAN	3.503152104	1.022450928	8.58485184	0
0	7.480428306	3.779177092	1.517322624	2.57184858	2.706048198	1.953027617	2.597491011	-4.605170186	-0.673344553	-1.897119985	NAN	4.158570535	NAN	3.507657293	0.854415328	8.307459327	0
0	7.341483852	3.958524839	0.113328685	2.770085592	1.512927012	1.124929597	2.255493485	NAN	1.00063188	1.876406943	1.043804052	4.141253101	NAN	3.584319478	0.085810656	7.110696123	0
0	7.341483852	3.97724879	0.086177696	2.798500104	1.488399584	1.1442228	2.252343877	NAN	0.924258902	1.830980182	1.043804052	4.141519973	NAN	3.584586351	0.061283228	7.101675972	0
0	7.341483852	3.998200702	-0.494296322	2.867898902	1.840549633	1.541159072	2.451005098	NAN	0.518793793	-2.525728644	0.173953307	4.136973424	NAN	3.580039802	0.413433278	6.492239835	0
0	7.341483852	4.012230266	-0.510825624	2.907993359	1.800058272	1.558144618	2.438862711	NAN	0.470003629	-2.659260037	0.173953307	4.13758245	NAN	3.580648827	0.372941916	6.570882962	0
0	7.341483852	3.966889907	-0.544727175	2.969388298	1.699278616	1.599387577	2.48906466	NAN	0.494696242	-2.659260037	0.887891257	4.138993963	NAN	3.58206034	0.272162261	6.558197803	0
0	7.341483852	4.024994484	-0.527632742	2.849549763	1.742219024	1.615419984	2.442347035	NAN	0.542324291	-2.525728644	0.322083499	4.13841013	NAN	3.581476508	0.315102668	6.456769656	0
0	7.341483852	3.979494721	0.113328685	2.812410216	1.490654376	1.196948189	2.285438934	NAN	0.993251773	1.832581464	0.270027137	4.141495715	NAN	3.584562092	0.063538021	6.735780014	0
0	7.341483852	3.969914484	0.139761942	2.797890905	1.413423029	1.211940974	2.318458442	NAN	0.920282753	1.793424749	0.947789399	4.142295925	NAN	3.585362303	-0.013693327	7.076653815	0
0	7.341483852	3.971234865	0.113328685	2.744060639	1.633154439	1.32175584	2.297572551	NAN	1.121677562	1.467874348	1.1442228	4.139844775	NAN	3.582911152	0.206038083	7.337587744	0
0	7.341483852	3.990464432	0.104360015	2.791165108	1.599387577	1.337629189	2.290512512	NAN	1.091923301	1.439835128	1.1442228	4.140257766	NAN	3.583324143	0.172271221	7.268223021	0
0	7.341483852	3.978185208	0.104360015	2.851861903	1.625311262	1.324418957	2.302585093	NAN	1.153731588	1.44926916	0.246860078	4.139941965	NAN	3.583008342	0.198194906	6.932447892	0
0	7.341483852	4.001863709	-0.105360516	2.891482252	0.615185639	1.430311247	2.427454075	NAN	0.824175443	1.208960346	1.220829921	4.147759011	NAN	3.590825388	-0.811930717	7.099201744	0
0	7.341483852	4.00113218	-0.314710745	2.927988621	0.819779831	1.547562509	2.48906466	NAN	0.667829373	0.336472237	1.266947603	4.146746002	NAN	3.58981238	-0.607336524	6.719013154	0
0	7.428333194	3.636005965	2.932259851	1.695615609	2.502255288	2.631169157	2.03077637	NAN	-1.560647748	-1.980501594	NAN	4.113656873	NAN	3.655581169	1.075002423	8.466951975	0
0.405465108	7.428333194	3.531640678	2.878636502	1.648658626	2.922623802	2.485739636	1.998773639	NAN	-1.514127733	-1.832581464	NAN	4.091340053	NAN	3.584629433	1.495148766	8.744009988	0
0.693147181	7.428333194	3.42751469	2.893145685	1.617406082	3.133753571	2.348514025	1.95586048	NAN	-1.660731207	-1.771956842	NAN	4.091172871	NAN	3.565581238	1.706564623	8.901502757	0
0.916290732	7.428333194	3.503453082	2.658859957	1.549687908	3.037353948	2.511223958	1.827769907	NAN	0.631271777	-2.407945609	NAN	4.099000374	NAN	3.643097261	1.609437912	8.907070776	0
0	7.428333194	3.823628855	1.876406943	2.213753879	2.295560478	2.620311287	2.364620484	NAN	-0.562118918	-1.272965676	NAN	4.10346947	NAN	3.509154523	0.867100488	7.773594467	0
0	7.486052618	3.810654511	1.60743591	1.930071085	2.653241965	2.785628336	2.129421474	NAN	-0.478035801	-2.302585093	NAN	4.078892458	NAN	3.455685567	1.226712291	8.200837258	0
0	7.486052618	3.745968421	1.589235205	1.902107526	2.914522218	2.722610352	2.118662255	NAN	-0.798507696	-2.040220829	NAN	4.099497927	NAN	3.436242723	1.488399584	8.404024493	0
0	7.486052618	3.85672169	1.642872689	1.986503546	2.415020522	2.836150204	2.181546765	NAN	-0.755022584	-2.302585093	NAN	4.108247467	NAN	3.501042717	0.989541194	7.982074875	0
0.405465108	7.486052618	3.857777991	1.479329227	1.885553349	2.349468679	2.780680892	2.191653532	NAN	-0.127833372	-0.261364764	NAN	4.042524813	NAN	3.483391619	0.924258902	8.125926803	0
0.693147181	7.486052618	3.710396298	1.715598108	2.00148	2.931193752	2.60194867	2.222459049	NAN	-0.755022584	-2.040220829	NAN	4.101981989	NAN	3.469790173	1.504077397	8.204671829	0
0.916290732	7.486052618	3.710396298	1.477048724	1.860974538	2.965273066	2.797890905	2.112634509	NAN	-1.237874356	-2.302585093	NAN	4.117898315	NAN	3.442339325	1.539015448	7.892452044	0
0	7.486052618	3.95469928	-1.272965676	2.201659174	1.991975516	2.77695418	2.279316466	NAN	-2.525728644	-3.352407217	NAN	4.008968211	NAN	3.585461495	0.565313809	7.6989362	0
0.693147181	7.486052618	3.832330237	-1.609437912	1.928618652	2.833801406	2.862772146	2.006870849	NAN	-1.347073648	-3.912023005	NAN	4.077537444	NAN	3.594568775	1.406096988	7.850493181	0
0.916290732	7.486052618	3.904393978	-1.514127733	2.020222182	2.442347035	2.961140829	2.026831591	NAN	-2.407945609	-3.506557897	NAN	4.036008985	NAN	3.628598523	1.01523068	7.652545693	0
0	7.428333194	3.852273001	2.266957915	2.074429	2.361796953	2.512846018	2.178155015	NAN	-0.891598119	-2.302585093	NAN	4.128745989	NAN	3.555633735	0.936093359	7.83715965	0
0	7.475339237	3.867234823	2.243896097	2.084429083	2.302585093	2.505525937	2.179286877	NAN	-0.673344553	-0.994252273	NAN	4.127134385	NAN	3.548179572	0.875468737	8.01763716	0
0	7.486052618	3.853546076	2.23644529	2.066862759	2.46894663	2.466403178	2.163323026	NAN	-0.994252273	-3.729701449	NAN	4.130194215	NAN	3.538056564	1.040276712	8.008032847	0
0	7.540621529	3.87660306	2.251291799	2.116255515	2.251291799	2.500615943	2.18492705	NAN	-0.342490309	-3.611918413	NAN	4.112839145	NAN	3.556490266	0.824175443	8.326032686	0
0.693147181	7.486052618	3.759570882	2.192770227	2.029463172	2.810004924	2.362739016	2.130609828	NAN	-0.301105093	-3.506557897	NAN	4.076689627	NAN	3.507357577	1.383791231	8.07059354	0
0.916290732	7.486052618	3.729061244	2.279316466	2.060513532	2.835563521	2.255493485	2.190535589	NAN	-0.798507696	-3.218875825	NAN	3.776432351	NAN	3.357245494	1.40854497	7.778211475	0
0	7.428333194	3.971046346	2.006870849	2.516889696	1.391281903	1.633154439	2.45530618	NAN	-1.514127733	-1.427116356	NAN	4.051437061	NAN	3.518980417	-0.040821995	7.54009032	0
0	7.486052618	3.908215767	1.915450942	2.457877977	2.314513664	1.54329811	2.396075436	NAN	-1.46967597	-1.660731207	NAN	4.123093976	NAN	3.50134433	0.887891257	7.756195344	0
0	7.513709248	3.981362484	1.948763218	2.531313023	1.87946505	1.62924054	2.475697711	NAN	-2.525728644	-2.525728644	NAN	4.075841091	NAN	3.544142658	0.451075619	7.790282381	0
0.405465108	7.486052618	3.863672744	1.848454813	2.392425797	2.789322921	1.504077397	2.333114298	NAN	-2.207274913	-3.218875825	NAN	4.121635422	NAN	3.483698603	1.363537374	7.96276393	0
0.693147181	7.486052618	3.845241972	1.835776355	2.376764491	2.860485124	1.460937904	2.314513664	NAN	-2.407945609	-3.912023005	NAN	4.123741539	NAN	3.48553853	1.432700734	7.861341796	0
0	7.36707706	3.810211739	-0.342490309	2.545531272	2.86505395	1.912501087	2.51041194	NAN	-0.994252273	-2.419118909	NAN	4.113983777	-1.30933332	3.467921014	1.199964783	7.901007052	0
0	7.540621529	3.638112337	-0.328504067	2.213753879	2.820187701	2.94811642	2.514465452	NAN	-2.525728644	-3.218875825	NAN	4.122770036	-1.049822124	3.465735903	1.181727195	8.579416535	0
0	7.428333194	3.769767958	-0.371063681	2.496505786	2.810606789	2.221375038	2.566486637	NAN	-1.021651248	-2.525728644	NAN	4.101651137	-1.30933332	3.461978854	1.050821625	8.238272625	0
0	7.428333194	3.621403289	-0.162518929	2.415020522	2.880321422	2.646174797	2.683074215	NAN	-0.967584026	-2.659260037	NAN	4.126489016	-1.386294361	3.378951773	1.541159072	8.419139251	0
0	7.486052618	3.679586407	-0.248461359	2.706715978	2.885917408	1.870262531	2.754933787	NAN	-0.174353387	-3.218875825	NAN	4.128101659	-1.108662625	3.476614021	1.289232648	8.640295389	0
0	7.486052618	3.650658241	-0.342490309	2.242835089	3.08236858	2.851861903	2.323367632	NAN	-1.560647748	-2.465104022	NAN	4.125197026	-0.494296322	3.499835352	1.65301061	8.575650761	0
0	7.540621529	3.829510584	-0.446287103	2.246014742	2.920469789	2.48490665	2.279316466	NAN	-0.261364764	-2.659260037	NAN	4.096342565	-0.494296322	3.434309733	1.196948189	8.582418976	0
0	7.486052618	3.819688394	-0.415515444	2.2300144	3.057297629	2.368372834	2.145931283	NAN	-0.733969175	-2.995732274	NAN	4.115942962	0.231111721	3.469790173	1.327075001	8.52277757	0
0	7.431299675	3.634687225	-0.235722334	2.51041194	3.196221134	1.93874166	2.63905733	NAN	-1.951928221	-2.995732274	NAN	4.118386557	-0.94160854	3.32970138	1.658228077	8.51559191	0
0	7.428333194	3.575990672	-0.274436846	2.50389195	3.251923679	1.860974538	2.629006994	NAN	-2.009915479	-3.079113882	NAN	4.16852396	-1.078809661	3.360722549	1.562346305	8.715880102	0
0	7.540621529	3.734330717	-0.371063681	2.408745289	3.294725137	1.838961071	2.269028309	NAN	-1.171182982	-2.796881415	NAN	4.134366237	-0.510825624	3.371425223	1.504077397	8.942199455	0
0	7.486052618	3.786913194	-0.371063681	2.540025949	3.038312721	2.0255132	2.313525033	NAN	-0.967584026	-2.659260037	NAN	4.104954741	-0.127833372	3.398861322	1.297463147	8.549273085	0
0	7.428333194	3.709417105	-0.46203546	2.174751721	3.228033763	2.327277706	2.16676537	NAN	-0.616186139	-2.063568193	NAN	4.134846506	-0.274436846	3.410487429	1.345472367	8.597482023	0
0	7.36707706	3.631065443	2.285803558	2.040509466	2.891115716	2.063920772	2.522977694	NAN	-0.974779664	-1.570072072	NAN	4.09653185	-1.300793458	3.490729457	1.401247311	8.321178307	0
0	7.486052618	3.647380147	2.292568427	2.036186033	2.965341792	2.106367431	2.397289028	NAN	-0.974140561	-1.688499157	NAN	4.103949592	-1.375451734	3.495968907	1.19632348	8.708144075	0
0	7.486052618	3.805809518	0.660792637	2.568537887	2.617157461	2.248409022	2.447374306	NAN	-0.620887271	-1.069602478	NAN	4.111368233	-1.028375573	3.552470575	1.326106363	8.206310726	0
0	7.36707706	3.848839203	0.724998146	2.617515268	2.565872009	2.124892805	2.380606178	NAN	-0.610378123	-1.094835792	NAN	4.108680187	-0.995704002	3.558666843	1.241086492	7.535296702	0
0	7.36707706	3.763360204	0.156482032	2.879334605	2.537767357	1.885078857	2.664575726	NAN	-0.521438447	-1.346975431	NAN	4.104730031	-1.201290252	3.477020026	0.855469679	7.399398083	0
0	7.428333194	3.724853432	0.58199141	2.469616696	3.044643475	2.10137011	2.367867994	NAN	-0.737824109	-1.288457757	NAN	4.13358598	-0.81296764	3.443443549	1.418610098	8.350193651	0
0	7.540621529	3.771452141	0.585029711	2.511415609	2.586248705	2.301055128	2.463150479	NAN	-0.729979559	-1.340507056	NAN	4.085928244	-1.437207377	3.470907714	1.155734011	8.496173824	0
0	7.428333194	3.579607371	2.18511562	1.917154076	3.063738267	2.062404517	2.556705924	NAN	-0.914867263	-1.754356056	NAN	4.100011622	-1.365606287	3.433231184	1.633141549	8.912473274	0
0	7.486052618	3.652694694	0.524380507	2.386683412	3.131276032	2.305566007	2.226149084	NAN	-0.683130075	-1.334047954	NAN	3.766526455	3.196913991	3.318049091	0.959670732	8.271036866	0
0	7.540621529	3.634165599	-0.996421692	1.910058037	3.170651656	2.751464861	2.36712292	NAN	-2.342612265	-2.985941105	NAN	3.752708951	3.246930275	3.271388164	1.092436856	8.465689349	0
0	7.486052618	3.773248176	0.886243811	2.463001814	2.758971426	2.528317291	2.323210911	NAN	-1.084378077	-2.008930889	NAN	4.152191336	-1.719575904	3.484102386	1.331855071	8.216898581	0
0	7.428333194	3.72479072	0.08404058	2.877629812	2.607514391	1.906604681	2.683333714	NAN	-0.577003144	-1.491743231	NAN	4.139233615	-1.147197659	3.459955093	1.622023173	7.905810313	0
0	7.486052618	3.552058481	2.208414302	1.918090651	3.30410925	2.031781467	2.223999074	NAN	-0.941264615	-1.82283679	NAN	3.733641628	3.263520603	3.287604326	1.086011887	8.674538762	0
0	7.540621529	3.63838405	2.209786532	2.490068922	2.796012175	2.076638159	2.379484655	NAN	-1.463823564	-2.226586053	NAN	4.102404074	-1.432652485	3.444642333	1.138170285	8.779865101	0
0	7.486052618	3.753338122	0.085999764	2.963215245	2.538114659	2.064572016	2.571456422	NAN	-1.463823564	-2.226586053	NAN	4.076646637	0.832699003	3.425981939	1.085214551	7.967626739	0
0	7.428333194	3.715984949	0.781942679	2.383945613	3.001548659	2.469631852	2.254994209	NAN	-0.913781977	-1.818455516	NAN	4.094438802	-0.047760594	3.477256751	1.242304541	8.392989588	0
0	7.540621529	3.601938005	-1.083697151	1.927499958	3.289850321	2.681100556	2.344612515	NAN	-1.463823564	-2.226586053	NAN	3.592292009	3.528469867	3.335850028	0.70145524	8.402455514	0
0	7.486052618	3.709652199	0.59685652	2.486239095	3.230598841	2.0141027	2.075182485	NAN	-0.701550389	-1.289196689	NAN	3.48029513	3.607454667	3.268613214	0.427422962	8.010027528	0
0	7.486052618	3.594019173	0.529679272	2.435475655	3.39182022	2.012483429	2.038700924	NAN	-0.770568328	-1.338028144	NAN	3.199641596	3.947786618	3.168525252	-4.139087276	7.359467638	0
0	7.540621529	3.600866518	-0.99926221	1.870825342	3.456900493	2.57572764	2.023360758	NAN	-2.610049581	-3.454705372	NAN	3.232617333	3.906190771	3.120545794	-3.534773958	8.560827228	0
0	7.486052618	3.372291541	0.344946433	2.212504074	3.713490763	2.032087845	1.925915667	NAN	-0.763191625	-1.281985827	NAN	3.182374306	3.8870126	3.133616902	0.800893348	8.300776961	0
0	7.540621529	3.601827749	-1.086801721	1.966301744	3.345153382	2.690228071	2.100498104	NAN	-2.013012896	-3.574395974	NAN	3.390936217	3.676553443	3.21958641	0.651711158	8.436633684	0
0	7.486052618	3.321874845	2.006437179	1.742049527	3.670099368	2.053999657	2.008257331	NAN	-1.084967099	-1.859202851	NAN	2.821047985	4.042728128	3.093963418	0.648547895	8.394121194	0
0	7.486052618	3.51956793	2.167748134	1.977551862	3.362943376	2.002982756	2.134205383	NAN	-0.4156387	-1.777557607	NAN	3.481048533	3.612325064	3.255993848	0.570275027	8.468213009	0
0	7.486052618	3.427561071	2.188015638	1.857859271	3.408102061	2.120806246	2.391413271	NAN	-1.017888494	-1.880754631	NAN	3.180441256	3.934397486	3.202753218	-0.191742188	7.825644732	0
0	7.540621529	4.16193664	-1.202708166	2.392360847	2.376592459	-0.062270667	1.030716935	NAN	-0.488765227	1.759077319	NAN	4.125288956	-0.653549188	3.445224191	0.946098999	7.734121303	0
0	7.486052618	4.071965061	-1.24783185	2.314109834	2.797499489	0.447729861	1.195616771	NAN	-0.557218936	1.696494752	NAN	4.128338828	0.938778517	3.396791251	1.327803118	8.03818918	0
0	7.428333194	4.013557362	-1.440459713	2.26191821	2.893471603	0.415288056	1.278158075	NAN	-0.464310375	1.663973855	NAN	4.138416073	-1.151411264	3.389522399	1.613967126	8.329416784	0
0	7.334981879	4.138058709	-1.197723526	2.407750536	2.545769102	-0.352998633	1.215656761	NAN	-0.504832274	1.696975129	NAN	4.108716582	-1.147068929	3.414389756	1.488627622	7.807916629	0
0	7.36707706	3.757227343	0.91037196	2.435565326	3.047513046	2.169852975	2.310162857	NAN	-0.709441735	-1.454017164	NAN	4.12813565	-1.353324278	3.452739463	1.619446743	8.163656176	0
0	7.328437353	3.937300813	-0.116533816	2.840831312	1.964311234	1.972691172	2.369308725	NAN	0.947789399	-0.186329578	NAN	4.168988105	-3.506557897	3.604138226	0.131028262	7.242797923	0
0	7.328437353	3.931629535	-0.342490309	2.824350657	2.141241943	1.957273908	2.33698652	NAN	0.920282753	-0.174353387	NAN	4.076180592	1.558144618	3.56416621	0.31481074	7.19142933	0
0	7.328437353	3.903990834	0.104360015	2.852439104	1.928618652	1.978239036	2.3580198	NAN	0.928219303	-0.223143551	NAN	3.921577218	2.657458415	3.497113438	0.770108222	7.036148494	0
0	7.328437353	3.91879999	0.086177696	2.8501283	1.778336449	1.975468951	2.352327185	NAN	0.932164081	-0.223143551	NAN	4.137898997	NAN	3.580965374	0.351220093	6.974478911	0
0	7.328437353	3.964235877	0.086177696	2.826129489	1.93874166	2.002830439	2.353278207	NAN	0.928219303	-0.210721031	NAN	4.135388219	NAN	3.578454596	0.511625304	6.987490247	0
0	7.328437353	3.942164162	-0.314710745	2.825536897	1.91839212	1.95160817	2.347558459	NAN	0.916290732	-0.235722334	NAN	4.13572986	NAN	3.578796238	0.491275765	6.927557906	0
0	7.328437353	3.963476287	-0.287682072	2.85819286	1.761300262	1.975468951	2.349468679	NAN	0.955511445	-0.198450939	NAN	4.138142426	NAN	3.581208804	0.334183906	6.65415252	0
0	7.328437353	4.007696755	0.019802627	2.864483987	0.593326845	2.105352923	2.38416508	NAN	0.989541194	-0.010050336	NAN	1.986503546	4.152141661	3.377246161	0.371563556	6.124683391	0
0	7.328437353	3.950859029	0.148420005	2.848391686	2.142416341	1.969905655	2.353278207	NAN	0.920282753	-0.174353387	1.601405741	3.942164162	2.583997552	3.510051787	0.802001585	7.328437353	0
0	7.328437353	3.950089206	0.182321557	2.875821977	1.846878768	2.024193067	2.394252282	NAN	0.947789399	-0.127833372	1.166270937	3.94951145	2.446685437	3.589887505	-0.198450939	7.245655068	0
0	7.328437353	3.947969132	-0.010050336	2.85474458	1.957273908	1.983756292	2.347558459	NAN	0.90825856	-0.314710745	1.00063188	3.919792743	2.461296784	3.596215769	-0.061875404	7.211556733	0
0	7.328437353	3.954315918	0.113328685	2.85474458	1.811562097	2.029463172	2.348514025	NAN	1.026041596	-0.010050336	0.530628251	4.13741196	NAN	3.580478337	0.384445741	7.134890852	0
0	7.328437353	3.966132331	0.182321557	2.827905163	1.870262531	1.994700313	2.354228326	NAN	0.924258902	-0.210721031	0.19062036	3.924939231	2.491551193	3.518684077	0.737164066	7.048386409	0
0	7.328437353	3.965184554	0.09531018	2.852439104	1.774952351	1.974081026	2.352327185	NAN	0.936093359	-0.235722334	NAN	3.884446238	2.621765833	3.565015467	0.231111721	6.959398512	0
0	7.422373701	3.852273001	1.029619417	2.186051277	3.000719815	2.406945108	2.219203484	NAN	-1.418723893	NAN	NAN	4.510368177	NAN	2.247748604	NAN	7.081401816	0
0	7.422373701	3.874291497	0.975916913	2.191184316	2.91489647	2.392966216	2.221228591	NAN	-1.452079526	NAN	NAN	4.480677462	NAN	2.528495038	NAN	7.294268598	0
0	7.422373701	3.881721406	1.080905427	2.222106885	2.921075134	2.426313208	2.256059735	NAN	-1.409099636	NAN	NAN	4.468885828	NAN	2.345296518	-5.896920211	7.435944554	0
0	7.422373701	3.900733192	1.051907137	2.238630572	2.785044495	2.43832291	2.277143334	NAN	-1.344948984	NAN	NAN	4.103465259	NAN	3.59921972	0.98930203	8.188291458	0
0	7.422373701	3.815675987	0.969286616	2.169602494	3.166012763	2.355801966	2.177121167	NAN	-1.464958283	NAN	NAN	4.445031223	NAN	2.511816466	NAN	7.399753381	0
0	7.422373701	3.840019409	1.023437586	2.294294388	3.006563561	2.379079441	2.220180609	NAN	-1.338232281	NAN	NAN	4.169081434	NAN	3.537653696	0.617932673	8.105927457	0
0	7.422373701	3.819475606	1.013163327	2.14639901	3.061517673	2.415257313	2.211823055	NAN	NAN	NAN	NAN	4.200639641	NAN	3.427445694	0.595327605	7.740697807	0
0.405465108	7.422463356	3.789431327	-4.286716455	2.873900741	-0.130450429	2.873331844	2.799416249	NAN	-1.05128033	-4.706706605	NAN	3.804553407	2.7272448	3.681718769	-2.413370927	8.51121536	0
0.405465108	7.422463356	4.004297453	-0.913015797	2.051911498	1.622719024	2.559534256	2.730128905	NAN	-1.111743583	-2.251028197	NAN	3.952065256	2.436013707	3.58269464	-0.580661484	7.274508958	0
0.405465108	7.422463356	4.045892894	NAN	2.489325157	1.716093952	2.356030494	2.493786301	NAN	NAN	NAN	NAN	3.760844128	2.78093534	3.705317066	-1.522059539	7.686585176	0
0.405465108	7.422463356	4.071037991	NAN	2.422397852	1.520635842	2.453127713	2.483726914	NAN	NAN	NAN	NAN	3.446630522	3.58332802	3.471739505	-0.868100091	6.426664964	0
0.405465108	7.422463356	4.022851578	NAN	2.25319735	1.418649527	2.376904553	2.771238168	NAN	NAN	NAN	NAN	2.59552312	4.065165034	3.334454754	-1.351699716	5.784651215	0
0.405465108	7.422463356	4.141706536	-0.440476809	2.505338404	1.007050467	2.154665645	2.339895045	NAN	0.261624172	-2.122471855	NAN	1.714351938	4.249066647	3.192454719	-2.833737872	5.679047704	0
0.405465108	7.561719746	3.768496027	NAN	2.60698563	2.376115919	2.232893814	3.001709659	NAN	NAN	NAN	NAN	4.083778942	0.489490407	3.624772225	0.394025566	8.663764198	0
0.405465108	7.561719746	3.994488794	NAN	2.578831932	2.562964003	1.520736089	2.567735626	NAN	NAN	NAN	NAN	4.078013239	0.879914199	3.580811109	0.977791608	8.501267041	0
0.405465108	7.561719746	3.78258242	NAN	1.693899374	2.34010973	1.40317904	3.486563517	NAN	NAN	NAN	NAN	4.092908373	0.405887241	3.596565733	0.747973512	8.986382095	0
0.405465108	7.561719746	4.016589624	NAN	-1.968236959	2.583956708	-2.019509201	3.297816822	NAN	NAN	NAN	NAN	4.078263483	0.635533761	3.631064845	0.274689703	9.037313136	0
0.405465108	7.561719746	3.715586748	NAN	2.810912042	2.211979385	2.732187164	2.727401262	NAN	NAN	NAN	NAN	4.0906095	0.335195912	3.616432282	0.482966861	8.42580863	0
0.405465108	7.561719746	3.547337112	NAN	2.626197933	2.16341558	3.291162214	2.657140951	NAN	NAN	NAN	NAN	4.087519427	0.705087677	3.57721771	0.959434773	8.485691661	0
0.405465108	7.561719746	3.964360333	NAN	2.350874746	2.607343305	2.327592752	2.315099968	NAN	NAN	NAN	NAN	4.070573305	1.003473626	3.614180153	0.4452089	8.379675486	0
0.405465108	7.561719746	3.996375078	NAN	-1.556642176	2.65525563	3.374412906	-0.857092337	NAN	NAN	NAN	NAN	4.067171946	0.799360047	3.620555339	0.706053534	8.354499457	0
0.405465108	7.561719746	3.621407544	NAN	3.527648064	2.45078995	-1.557794679	2.811884006	NAN	NAN	NAN	NAN	4.081178547	1.148601029	3.574548422	0.669110603	7.986674934	0
0.405465108	7.561719746	3.91744005	NAN	2.365724318	2.539520078	3.176628456	-1.044204235	NAN	NAN	NAN	NAN	4.041036035	1.106529984	3.652260921	0.424713746	8.304209393	0
0.405465108	7.561719746	3.586363995	NAN	3.240788969	2.275875474	2.455302195	2.762041329	NAN	NAN	NAN	NAN	4.09570168	0.385874458	3.577669182	0.977421246	8.244380965	0
0.405465108	7.422463356	3.724736825	NAN	2.801802805	1.972001087	2.706794747	2.716149315	NAN	NAN	NAN	NAN	4.055360865	1.076425755	3.633354059	0.418923032	7.784140263	0
0.405465108	7.422463356	3.951903597	NAN	2.746984014	2.215438252	2.195244841	2.360422304	NAN	NAN	NAN	NAN	4.117543865	-0.084316829	3.59153175	0.324262283	7.68017564	0
0.405465108	7.422463356	3.95492309	NAN	2.729971374	2.307183239	2.188114713	2.395412446	NAN	NAN	NAN	NAN	4.117518735	0.44413405	3.555787213	0.702503275	7.405105906	0
0.405465108	7.422463356	3.861078638	-0.246781312	2.700789289	2.204147567	2.301740506	2.475635277	NAN	0.564605516	NAN	NAN	4.107422988	-1.067104537	3.609551862	0.65057724	7.761171745	0
0.405465108	7.422463356	3.876055661	NAN	2.708078919	2.113438142	2.308830932	2.484024637	NAN	0.58692447	NAN	NAN	4.106928028	-1.335320248	3.60903141	0.716317957	7.759231212	0
0.405465108	7.422463356	4.104942707	-0.576176487	2.818479901	1.700011092	1.148160638	1.789109565	NAN	1.320173327	0.133091093	NAN	4.042367343	0.961291007	3.656388593	0.532184773	6.785202779	0
0.405465108	7.422463356	4.030323389	-1.086498458	2.757463319	1.641389884	1.206417938	2.429359437	NAN	0.964311553	0.91466608	NAN	4.125825868	-0.987015012	3.613009755	-0.460594699	7.09814834	0
0.405465108	7.422463356	3.99721226	0.329122311	2.636472003	1.959757311	1.684347737	1.908651931	NAN	1.197034879	1.163248631	NAN	4.090756466	0.528039609	3.594013401	0.760574494	6.612041035	0
0.405465108	7.422463356	3.967362087	0.39178385	2.933678852	1.487353407	1.307760262	1.485151813	NAN	2.074369773	1.192116727	NAN	4.068824569	0.722879107	3.605389959	0.976610366	6.568077911	0
0.405465108	7.422463356	4.048631849	-4.12857071	2.666327065	1.953475577	2.338033428	-0.409490848	NAN	2.025629598	-3.393054157	NAN	4.057591672	1.22345185	3.60161259	0.74618645	6.467698726	0
0.405465108	7.553889465	3.900407187	-0.144190194	2.239843247	2.426272714	2.829457733	2.052729271	NAN	0.200417517	-0.309228784	NAN	4.060060088	1.633068087	3.542941645	0.84766471	7.310550159	0
0.916290732	7.636824469	3.852131802	-4.206394066	2.299441407	1.137312033	3.060477219	2.89998306	NAN	-2.98306287	NAN	NAN	4.169085742	-1.999614242	3.534129167	0.514737961	8.647541398	0
0.916290732	7.636824469	3.80007372	-3.650813253	2.310558223	2.026880339	2.997780674	2.821807961	NAN	-3.11159216	NAN	NAN	4.154873493	-1.830292419	3.570579097	-0.868956654	8.118951928	0
0.916290732	7.636824469	3.772572874	-4.207065432	2.243212937	2.309442527	2.976138055	2.819100101	NAN	-3.086313652	NAN	NAN	4.170300276	-2.252010807	3.531452319	0.623770307	8.242990236	0
0.405465108	7.636824469	3.860882752	-3.955452563	2.834950658	-4.799969264	2.556510776	3.009761897	NAN	-2.429623326	NAN	NAN	-2.657832485	4.305682872	3.088418559	NAN	7.602601016	0
0.405465108	7.636824469	3.862767108	-3.757158295	2.799433489	-5.390798219	2.588959436	3.023583713	-2.697867133	-2.91047243	NAN	NAN	-3.024425736	4.251916322	3.31535104	NAN	6.796171737	0
0.405465108	7.636824469	3.86062918	-3.092793986	2.307602485	1.186264433	3.059977392	2.870458124	NAN	-2.573737863	NAN	NAN	4.145097651	-1.822365963	3.571527888	-0.379233611	8.858937222	0
0.405465108	7.636824469	3.813966859	-3.548011404	2.242231741	1.979859752	3.015169861	2.84517996	NAN	-2.507375373	NAN	NAN	4.167344235	-1.766871754	3.537672124	0.369162208	8.505893223	0
0.405465108	7.636824469	3.774556608	-3.627185885	2.196595086	2.346807264	2.984453452	2.79757065	NAN	-2.563123752	NAN	NAN	4.168747121	-1.939950167	3.519629425	0.715718303	8.462506586	0
1.704748092	7.636824469	3.906472072	-0.2551862	2.595539078	2.015816677	2.412404652	2.535952645	NAN	0.726982156	NAN	NAN	4.131791802	-0.417369013	3.564638423	-0.574179661	7.655837725	0
1.704748092	7.636824469	3.85647742	-3.660875258	2.261575581	1.216054526	2.994097688	2.898908824	NAN	-3.428208931	NAN	NAN	4.138037791	-1.727433471	3.585884749	-1.405191798	8.391357823	0
1.704748092	7.636824469	3.853973086	-4.602542064	2.317851648	0.748534583	3.090684255	2.876823078	NAN	-3.631802915	NAN	NAN	4.141673977	-2.029280888	3.584036582	-3.565954107	9.081705244	0
1.704748092	7.636824469	3.777451562	-3.686026385	2.260485497	2.134786705	3.012289093	2.794728864	NAN	-3.319288285	NAN	NAN	4.169867069	-1.482056643	3.504910641	0.212058337	8.343026862	0
1.704748092	7.636824469	3.757556665	-4.143885008	2.206294433	2.425831695	2.964896707	2.768234116	NAN	-3.373095952	NAN	NAN	4.17186666	-1.505027848	3.489509733	0.552639127	7.92332809	0
0.405465108	7.636824469	3.868656109	-3.741998976	2.310989675	-0.10242409	3.026327755	2.904361225	NAN	-2.571772583	NAN	NAN	1.811019232	4.154820602	3.354731764	-2.961054832	7.230176885	0
0.405465108	7.636824469	3.808530965	-4.608509087	2.297851909	1.873815533	2.962174111	2.843318196	NAN	-2.699586123	NAN	NAN	1.278423753	4.307946941	3.04055601	NAN	6.541895425	0
0.405465108	7.636824469	3.866207164	-3.538736796	2.382514607	-0.115370769	3.015020413	2.901492235	NAN	-2.724506291	NAN	NAN	1.550145396	4.229974141	3.210599566	-5.928242682	6.875969714	0
1.945910149	7.636824469	3.823658859	-3.85753482	1.290077103	3.184594891	2.292403435	2.330091953	NAN	0.234856025	NAN	NAN	4.145077494	-0.411613974	3.52449506	0.750617027	8.424522193	0
3.17805383	7.796941993	3.950184611	-1.570591201	1.414063537	2.041003855	3.472332845	0.256621309	NAN	-2.977674086	NAN	NAN	4.155673145	-0.31596267	3.485775022	0.90016948	6.242655511	0
0.405465108	7.535296702	3.707311862	NAN	2.659989104	2.603305545	2.684820999	2.7048499	NAN	-2.132233034	NAN	NAN	3.304487	3.808682393	3.330473847	0.04132187	7.28276118	0
0.405465108	7.535296702	3.75529235	NAN	2.711056345	2.094131243	2.758727156	2.780346986	NAN	-2.245685046	NAN	NAN	3.271757176	3.820878139	3.359548657	-0.457521852	7.142036575	0
0.405465108	7.535296702	3.532792226	NAN	2.456459089	3.024738158	2.727870163	2.649659622	NAN	-2.077391471	NAN	NAN	3.67772385	3.456161744	3.285294452	1.223327619	8.179760494	0
-0.693147181	7.422463356	3.951243719	0.75612198	2.872434057	2.128231706	1.987874348	2.320425011	NAN	0.292669614	-0.030459207	NAN	4.151512235	NAN	3.596490005	NAN	7.402451521	0
0.405465108	7.422463356	3.947390149	0.916290732	2.87356464	2.151762203	1.987874348	2.296567021	NAN	0.198850859	-0.105360516	NAN	4.151512235	NAN	3.596490005	NAN	7.106606138	0
-0.693147181	7.422463356	3.920387922	0.587786665	2.828496354	2.297572551	1.954445052	2.267993648	NAN	0.896088025	-0.235722334	NAN	4.151512235	NAN	3.596490005	NAN	7.452982329	0
0.405465108	7.422463356	3.863252841	0.565313809	2.88368277	2.31944221	1.906575144	2.253394849	NAN	0.996948635	-0.162518929	NAN	4.151512235	NAN	3.596490005	NAN	7.229838778	0
-0.693147181	7.480512905	3.927699485	0.593326845	2.803360381	2.161021529	1.922787732	2.181546765	NAN	0.741937345	-0.385662481	NAN	4.151512235	NAN	3.596490005	NAN	7.495541944	0
0.405465108	7.480512905	3.938470175	0.451075619	2.869034621	2.282382386	2.006870849	2.228938553	NAN	1.075002423	-0.223143551	NAN	4.151512235	NAN	3.596490005	NAN	7.358830898	0
0.916290732	7.480512905	3.902982261	-0.400477567	2.84549061	2.099244169	2.048982334	2.35612586	NAN	0.970778917	-0.328504067	NAN	4.151512235	NAN	3.596490005	NAN	6.779921907	0
-0.693147181	7.636824469	3.916413354	0.542324291	2.837322537	2.371177884	1.981001469	2.233235015	NAN	0.970778917	-0.223143551	NAN	4.151512235	NAN	3.596490005	NAN	7.99125393	0
1.386294361	7.636824469	3.923556241	0.536493371	2.835563521	2.386926241	2.02287119	2.214846179	NAN	1.071583616	-0.287682072	NAN	4.151512235	NAN	3.596490005	NAN	7.525639975	0
2.197224577	7.636824469	3.898937766	0.506817602	2.809402695	1.835776355	2.340843805	2.368372834	NAN	0.802001585	-0.510825624	NAN	4.151512235	NAN	3.596490005	NAN	6.421622268	0
1.252762968	7.636824469	3.930059368	0.500775288	2.846652051	2.231089091	2.0255132	2.317473705	NAN	0.737164066	-0.579818495	NAN	4.151512235	NAN	3.596490005	NAN	7.536363938	0
1.704748092	7.636824469	3.916015027	0.470003629	2.84549061	2.324346585	2.00148	2.313525033	NAN	0.641853886	-0.105360516	NAN	4.151512235	NAN	3.596490005	NAN	7.196686571	0
-0.693147181	7.480512905	3.864092472	0.570979547	2.373975089	2.501435952	2.825536897	2.141241943	NAN	0.58221562	-1.078809661	NAN	4.151512235	NAN	3.596490005	NAN	8.29654652	0
0.405465108	7.480512905	3.857355604	0.576613364	2.249184316	2.744703519	2.752386015	2.134166441	NAN	0.405465108	-1.108662625	NAN	4.151512235	NAN	3.596490005	NAN	8.047189562	0
0.405465108	7.480512905	3.882594195	0.494696242	2.348514025	2.439734931	2.833801406	2.122261539	NAN	0.412109651	-1.078809661	NAN	4.151512235	NAN	3.596490005	NAN	7.919356191	0
0	7.636824469	3.851635855	-0.105360516	2.294552921	2.740194654	2.719978772	2.178155015	NAN	0.636576829	-0.994252273	NAN	4.151512235	NAN	3.596490005	NAN	8.122668023	0
1.386294361	7.636824469	3.889368315	-0.342490309	2.355177543	2.448415541	2.791778417	2.2782924	NAN	0.536493371	-0.94160854	NAN	4.151512235	NAN	3.596490005	NAN	7.408530567	0
0	7.440146681	4.082609306	-0.198450939	2.766319109	2.109000344	0.672944473	1.719188776	NAN	1.403642999	0.672944473	NAN	4.151039906	-1.111697528	3.535145354	0.570979547	6.975413927	0
0	7.422373701	4.102643365	-0.235722334	2.785011242	2.071913275	0.678033543	1.717395054	NAN	1.437462648	0.698134722	NAN	4.151512235	NAN	3.596490005	NAN	6.909753282	0
0	7.392031568	4.092676505	-0.287682072	2.785011242	2.131796772	0.703097511	1.740466175	NAN	1.427916036	0.672944473	NAN	4.146304301	-1.560647748	3.55820113	-0.139262067	6.961296046	0
0	7.376508126	4.097672352	-0.223143551	2.772588722	2.05796251	0.652325186	1.720979287	NAN	1.432700734	0.703097511	NAN	4.14472077	-0.022245609	3.55820113	0.231111721	6.719013154	0
0	7.360739903	4.094344562	-0.186329578	2.766319109	2.086913557	0.703097511	1.728109442	NAN	1.401182974	0.693147181	NAN	4.14472077	-0.466808738	3.532225644	0.797507196	6.643789733	0
-0.693147181	7.328437353	4.087655574	-0.162518929	2.772588722	2.128231706	0.662687973	1.693779061	NAN	1.368639426	0.693147181	NAN	4.151512235	NAN	3.596490005	NAN	6.587550015	0
-0.693147181	7.328437353	4.104294893	-0.223143551	2.791165108	2.107786015	0.698134722	1.745715531	NAN	1.386294361	0.688134639	NAN	4.151512235	NAN	3.596490005	NAN	6.51174533	0
0	7.328437353	4.099332104	-0.274436846	2.772588722	2.080690761	0.667829373	1.719188776	NAN	1.418277407	0.693147181	NAN	4.131961426	-0.68121861	3.55820113	0.845868268	6.605297921	0
0	7.328437353	4.08933202	-0.223143551	2.766319109	2.1102132	0.678033543	1.722766598	NAN	1.398716881	0.698134722	NAN	4.151512235	NAN	3.596490005	NAN	6.551080335	0
0	7.328437353	4.096009842	-0.223143551	2.772588722	2.116255515	0.683096845	1.738710248	NAN	1.406096988	0.698134722	NAN	4.151512235	NAN	3.596490005	NAN	6.602587892	0
0	7.328437353	4.094344562	-0.248461359	2.778819272	2.109000344	0.683096845	1.691939134	NAN	1.418277407	0.667829373	NAN	4.151512235	NAN	3.596490005	NAN	6.726233402	0
0	7.260522598	4.063885355	-0.223143551	2.772588722	2.212660385	0.741937345	1.781709133	NAN	1.393766376	0.636576829	NAN	4.151512235	NAN	3.596490005	NAN	6.357842267	0
0	7.328437353	4.075841091	-0.235722334	2.766319109	2.042518188	0.672944473	1.717395054	NAN	1.373715579	0.672944473	1.252762968	4.151512235	NAN	3.596490005	NAN	6.583409222	0
0	7.260522598	4.069026754	-0.198450939	2.766319109	2.199444334	0.760805829	1.757857918	NAN	1.141033005	0.625938431	1.064710737	4.151512235	NAN	3.596490005	NAN	6.226536669	0
0	7.260522598	4.084294226	-0.083381609	2.667228207	2.251291799	0.802001585	1.637053079	NAN	1.324418957	0.806475866	1.029619417	4.151512235	NAN	3.596490005	NAN	6.280395839	0
0	7.451822237	4.15261347	-0.653926467	2.879198457	1.54329811	0.570979547	1.695615609	NAN	1.764730797	0.559615788	NAN	4.151512235	NAN	3.596490005	NAN	6.666956792	0
0	7.422373701	4.154184563	-0.653926467	2.867898902	1.562346305	0.530628251	1.678963975	NAN	1.492904096	0.576613364	NAN	4.151512235	NAN	3.596490005	NAN	6.546785411	0
0	7.392031568	4.128745989	-0.653926467	2.879198457	1.523880024	0.530628251	1.675225653	NAN	1.776645831	0.587786665	NAN	4.151512235	NAN	3.596490005	NAN	6.302618976	0
0	7.360739903	4.146304301	-0.616186139	2.879198457	1.599387577	0.570979547	1.693779061	NAN	1.642872689	0.576613364	NAN	4.151512235	NAN	3.596490005	NAN	6.08221891	0
0	7.328437353	4.160444364	-0.494296322	2.797281335	1.646733697	0.693147181	1.564440547	NAN	1.492904096	0.683096845	NAN	4.151512235	NAN	3.596490005	NAN	6.177944114	0
0	7.328437353	4.149463861	-0.653926467	2.87356464	1.523880024	0.58221562	1.69744879	NAN	1.488399584	0.559615788	NAN	4.151512235	NAN	3.596490005	NAN	6.144185634	0
0	7.328437353	4.139955073	-0.653926467	2.862200881	1.574846468	0.536493371	1.671473303	NAN	1.418277407	0.553885113	1.85629799	4.151512235	NAN	3.596490005	NAN	6.03787092	0
0	7.328437353	4.15575319	-0.616186139	2.879198457	1.54329811	0.488580015	1.652497402	NAN	1.456286733	0.598836501	2.140066163	4.151512235	NAN	3.596490005	NAN	5.755742214	0
0	7.440146681	3.860729711	0.530628251	2.815408719	2.298577072	1.821318271	2.370243741	NAN	1.184789985	0.593326845	NAN	4.151512235	NAN	3.596490005	NAN	7.717351272	0
0	7.422373701	3.858622229	0.536493371	2.809402695	2.32238772	1.874874376	2.379546134	NAN	1.193922468	0.570979547	NAN	4.151512235	NAN	3.596490005	NAN	7.832014181	0
0	7.392031568	3.875359021	0.500775288	2.827313622	2.283402274	1.843719208	2.379546134	NAN	1.205970807	0.598836501	NAN	4.131961426	-0.403467105	3.555348061	0.3074847	7.342779189	0
0	7.360739903	3.869115504	0.518793793	2.809402695	2.249184316	1.845300236	2.388762789	NAN	1.190887565	0.604315967	NAN	4.131961426	-1.414693836	3.552486829	0.819779831	7.305860033	0
0	7.328437353	3.881563798	0.500775288	2.815408719	2.223541886	1.842135677	2.379546134	NAN	1.211940974	0.615185639	NAN	4.138361448	-0.903868212	3.549617387	0.920282753	7.25629724	0
-0.693147181	7.328437353	3.899950424	0.524728529	2.833213344	2.128231706	1.857859271	2.388762789	NAN	1.217875709	0.576613364	NAN	4.151512235	NAN	3.596490005	NAN	7.23417718	0
0	7.328437353	3.871201011	0.500775288	2.821378886	2.302585093	1.832581464	2.370243741	NAN	1.196948189	0.598836501	NAN	4.151512235	NAN	3.596490005	NAN	7.228388452	0
0	7.328437353	3.864931398	0.494696242	2.821378886	2.264883226	1.830980182	2.351375257	NAN	1.199964783	0.587786665	NAN	4.151512235	NAN	3.596490005	NAN	7.228388452	0
0	7.260522598	3.864931398	0.548121409	2.856470206	2.493205453	1.515127233	2.034705648	NAN	1.386294361	1.00795792	NAN	4.151512235	NAN	3.596490005	NAN	6.11368218	0
0	7.328437353	3.856510295	0.494696242	2.815408719	2.277267285	1.793424749	2.341805806	NAN	1.190887565	0.609765572	1.029619417	4.151512235	NAN	3.596490005	NAN	7.115582126	0
0	7.328437353	3.871201011	0.536493371	2.827313622	2.192770227	1.791759469	2.360854001	NAN	1.193922468	0.615185639	1.386294361	4.151512235	NAN	3.596490005	NAN	6.49677499	0
0	7.422373701	3.972176928	0.048790164	2.939161922	2.171336806	1.232560261	2.066862759	NAN	1.381281819	-0.030459207	NAN	4.122283931	-0.723606388	3.538056564	0.570979547	7.584773078	0
0	7.451822237	4.32677816	-2.302585093	2.57261223	-0.235722334	-2.659260037	-0.562118918	NAN	1.662030363	1.553925203	NAN	4.151512235	NAN	3.596490005	NAN	6.212606096	0
0	7.422373701	4.332048265	-2.207274913	2.564949357	-0.248461359	-2.659260037	-0.562118918	NAN	1.386294361	1.54329811	NAN	4.151512235	NAN	3.596490005	NAN	5.777652323	0
0	7.392031568	4.334672938	-2.207274913	2.58021683	-0.274436846	-2.659260037	-0.579818495	NAN	1.671473303	1.5518088	NAN	4.151512235	NAN	3.596490005	NAN	5.225746674	0
0	7.360739903	4.355425953	-2.207274913	2.564949357	-0.342490309	-2.525728644	-0.527632742	NAN	1.337629189	1.528227857	NAN	4.151512235	NAN	3.596490005	NAN	5.204006687	0
0	7.328437353	4.325456283	-2.207274913	2.564949357	-0.314710745	-2.659260037	-0.562118918	NAN	1.432700734	1.556037136	NAN	4.151512235	NAN	3.596490005	NAN	5.147494477	0
0	7.328437353	4.324132656	-2.120263536	2.557227311	-0.314710745	-2.525728644	-0.597837001	NAN	1.442201993	1.530394705	NAN	4.151512235	NAN	3.596490005	NAN	4.9698133	0
0	7.328437353	4.325456283	-2.207274913	2.564949357	-0.356674944	-2.659260037	-0.579818495	NAN	1.427916036	1.549687908	NAN	4.151512235	NAN	3.596490005	NAN	5.043425117	0
0	7.260522598	4.338597077	-2.302585093	2.541601993	-0.139262067	-2.659260037	-0.616186139	NAN	1.297463147	1.541159072	NAN	4.151512235	NAN	3.596490005	NAN	4.564348191	0
0	7.260522598	4.346399457	-2.207274913	2.557227311	-0.127833372	-2.659260037	-0.634878272	NAN	1.342864803	1.547562509	NAN	4.151512235	NAN	3.596490005	NAN	4.382026635	0
0	7.328437353	4.289088639	-2.302585093	2.517696473	0.019802627	-2.659260037	-0.616186139	NAN	1.214912744	1.512927012	1.064710737	4.151512235	NAN	3.596490005	NAN	5.786897381	0
0	7.328437353	4.298645026	-2.302585093	2.525728644	-0.248461359	-2.659260037	-0.616186139	NAN	1.249901736	1.515127233	1.808288771	4.151512235	NAN	3.596490005	NAN	5.92157842	0
0	7.451822237	3.843744165	0.494696242	2.791165108	2.549445171	1.81319475	2.332143895	NAN	1.121677562	0.542324291	NAN	4.151512235	NAN	3.596490005	NAN	7.615791072	0
0	7.422373701	3.850147602	0.470003629	2.797281335	2.501435952	1.800058272	2.312535424	NAN	1.147402453	0.548121409	NAN	4.151512235	NAN	3.596490005	NAN	7.725771442	0
0	7.392031568	3.871201011	0.506817602	2.809402695	2.32238772	1.826160896	2.341805806	NAN	1.131402111	0.576613364	NAN	4.151512235	NAN	3.596490005	NAN	7.338888134	0
0	7.328437353	3.83081295	0.457424847	2.785011242	2.660259537	1.78339122	2.299580584	NAN	1.115141591	0.548121409	NAN	4.151512235	NAN	3.596490005	NAN	7.487733761	0
0	7.451822237	3.883623531	0.506817602	2.821378886	2.243896097	1.819698838	2.332143895	NAN	1.166270937	0.587786665	NAN	4.151512235	NAN	3.596490005	NAN	7.776954403	0
0	7.422373701	3.786459782	0.425267735	2.740840024	2.785011242	1.750937475	2.264883226	NAN	1.111857515	0.512823626	NAN	4.151512235	NAN	3.596490005	NAN	8.02125618	0
0	7.392031568	3.77505715	0.425267735	2.727852828	2.809402695	1.743968805	2.32238772	NAN	1.115141591	0.506817602	NAN	4.151512235	NAN	3.596490005	NAN	7.989899375	0
0	7.360739903	3.822098298	0.476234179	2.772588722	2.517696473	1.795087259	2.379546134	NAN	1.1442228	0.524728529	NAN	4.151512235	NAN	3.596490005	NAN	7.72001794	0
0	7.328437353	3.779633817	0.412109651	2.734367509	2.791165108	1.74745921	2.332143895	NAN	1.111857515	0.470003629	NAN	4.151512235	NAN	3.596490005	NAN	7.597897951	0
0	7.451822237	3.968403339	0.270027137	2.785011242	1.481604541	2.274185618	2.48490665	NAN	0.924258902	-2.302585093	NAN	4.151512235	NAN	3.596490005	NAN	7.478734826	0
0	7.422373701	3.923951576	0.2390169	2.740840024	2.124653885	2.233235015	2.433613355	NAN	0.904218151	NAN	NAN	4.151512235	NAN	3.596490005	NAN	7.468513271	0
0	7.392031568	3.919991175	0.21511138	2.734367509	2.212660385	2.210469804	2.415913778	NAN	0.91228271	NAN	NAN	4.151512235	NAN	3.596490005	NAN	7.483244416	0
0	7.328437353	3.912023005	0.246860078	2.778819272	2.292534757	2.13771045	2.397895273	NAN	0.951657876	NAN	NAN	4.151512235	NAN	3.596490005	NAN	7.101675972	0
0	7.45190929	3.970291914	-1.084709383	2.379546134	2.051556338	2.884800713	2.312535424	-1.294627173	-3.244193633	-3.146555163	NAN	4.130355	-0.274436846	3.575150689	NAN	7.455876687	0
0	7.45190929	3.919991175	-1.305636458	2.123458427	2.509599262	2.985681938	2.075684493	-1.177655496	-5.80914299	-3.473768074	NAN	4.138361448	-0.527632742	3.561046083	NAN	7.740664402	0
0	7.45190929	3.927896355	-1.294627173	2.171336806	2.549445171	2.884800713	2.141241943	-1.575036486	-2.864704011	-3.411247718	NAN	4.147885329	-0.198450939	3.543853682	NAN	7.709756864	0
0	7.45190929	3.918005077	-1.030019497	2.406945108	2.288486169	2.821378886	2.341805806	-2.234926445	-1.313043899	-2.975929646	NAN	4.11414719	-0.072570693	3.602776755	NAN	7.595889918	0
0	7.45190929	3.906004933	-0.923818998	2.493205453	2.170195905	2.803360381	2.468099531	-2.396895772	-1.231001477	-2.95651156	NAN	4.109233175	-0.083381609	3.605497845	NAN	7.554858521	0
0	7.45190929	3.927896355	-1.111697528	2.351375257	2.222459049	2.912350665	2.32238772	-2.137070655	-1.474033275	-3.101092789	NAN	4.112511866	0.631271777	3.575150689	NAN	7.615791072	0
-0.105360516	7.480512905	3.931825633	-1.002393431	2.312535424	2.844909384	2.351375257	2.196112848	-2.024953356	-1.857899272	-3.352407217	NAN	4.074141855	1.873339456	3.526360525	NAN	8.107720062	0
0	7.480512905	3.912023005	-1.398366942	2.145931283	2.549445171	3.0301337	1.958685341	-1.7837913	-1.682008605	-3.194183212	NAN	4.127134385	-0.301105093	3.591817741	NAN	7.97590836	0
0	7.480512905	3.923951576	-1.272965676	2.2300144	2.360854001	2.990719732	2.090628731	-1.820158944	-1.5847453	-3.057607677	NAN	4.096009842	0.009950331	3.673765816	NAN	8.092545264	0
0.336472237	7.480512905	3.895893623	-1.251763468	2.279316466	2.63905733	2.879198457	2.099244169	-1.766091722	-2.430418465	-3.324236341	NAN	4.165113633	0.31481074	3.487375078	NAN	7.779048645	0
0.693147181	7.480512905	3.850147602	-0.585190039	2.653241965	2.525728644	2.266957915	2.63188884	-1.980501594	-1.184170177	-2.302585093	NAN	4.127134385	-0.713349888	3.577947893	NAN	7.673223121	0
0.693147181	7.480512905	3.852273001	-0.699165253	2.674148649	2.289499853	2.533696814	2.587764035	-2.079441542	-1.422958345	-2.590267165	NAN	4.085976313	0.139761942	3.653252276	NAN	7.570443252	0
0.875468737	7.480512905	3.912023005	-1.565421027	2.267993648	1.778336449	3.117949906	2.379546134	-1.22758267	-1.443923474	-5.521460918	NAN	4.131961426	-0.994252273	3.602776755	NAN	7.383989458	0
0.916290732	7.480512905	3.927896355	-2.071473372	1.93874166	2.189416395	3.100092289	2.302585093	-1.248273063	-3.015934981	NAN	NAN	4.12552018	-0.072570693	3.563882964	NAN	7.630461262	0
0.993251773	7.480512905	3.864931398	-1.555897146	2.681021529	1.809926773	3.109060959	2.136530509	-0.877070019	-2.002480501	NAN	NAN	4.119037175	-0.84397007	3.624340933	NAN	7.461640392	0
0	7.392123985	3.799973502	NAN	2.785011242	2.4765384	2.089391873	2.821378886	-3.411247718	NAN	NAN	NAN	4.105943698	0.444685821	3.605497845	NAN	7.432483808	0
0	7.422463356	3.802208139	NAN	2.879198457	2.4765384	1.832581464	2.867898902	-4.017383521	NAN	NAN	NAN	4.087655574	0.797507196	3.591817741	NAN	7.501082124	0
0	7.45190929	3.850147602	NAN	2.360854001	2.155244505	2.797281335	2.815408719	NAN	NAN	NAN	NAN	4.048300624	1.759580571	3.540959324	NAN	7.625595072	0
0	7.494513638	3.837299459	NAN	2.312535424	2.22678338	2.980618636	2.63905733	-4.199705078	NAN	NAN	NAN	4.001863709	2.201659174	3.526360525	NAN	7.886081402	0
0	7.535376785	3.867025639	NAN	2.406945108	2.415913778	2.468099531	2.839078464	-3.473768074	NAN	NAN	NAN	4.115779843	-0.127833372	3.577947893	NAN	7.992944547	0
0	7.535376785	3.742420221	NAN	2.595254707	2.533696814	3.095577609	2.165619238	-4.509860006	NAN	NAN	NAN	4.069026754	1.332366019	3.608211551	NAN	7.962067309	0
0	7.45190929	3.835141961	NAN	2.48490665	1.954445052	2.844909384	2.803360381	NAN	NAN	NAN	NAN	4.08933202	0.378436436	3.597312261	NAN	7.682482447	0
0	7.45190929	3.945457782	-0.576253429	2.602689685	2.070653036	2.624668592	2.098017927	-4.199705078	1.153731588	-0.267879445	NAN	4.107589789	-0.891598119	3.589059119	NAN	7.313220387	0
0	7.45190929	3.927896355	0.751416089	2.05284086	2.124653885	2.674148649	1.425515074	-2.975929646	-0.316081547	2.12704052	NAN	4.100989105	0.90825856	3.56671182	NAN	7.663877259	0
0.405465108	7.295158244	3.942358205	0.652325186	2.738256043	2.460443178	1.519513205	2.07819076	NAN	1.091923301	NAN	NAN	3.829944894	2.983153491	3.526654599	NAN	6.643789733	0
0.405465108	7.328535838	3.927699485	0.58221562	2.685804592	2.374905755	1.822935087	2.178155015	NAN	0.978326123	NAN	NAN	3.91442013	2.681706226	3.534853766	NAN	6.81563999	0
0.405465108	7.295158244	3.999850716	0.647103242	2.72392355	1.363537374	1.848454813	2.138889	NAN	0.631271777	NAN	NAN	3.715521385	3.145013976	3.560193446	NAN	6.587550015	0
0	7.328437353	3.910021003	0.322083499	2.809402695	2.351375257	2.054123734	2.379546134	NAN	0.996948635	-2.120263536	-0.105360516	4.151512235	NAN	3.596490005	NAN	7.073269717	0
0	7.328437353	3.908014984	0.270027137	2.76000994	2.312535424	2.151762203	2.415913778	NAN	0.90825856	-2.407945609	-0.356674944	4.151512235	NAN	3.596490005	NAN	7.127693699	0
0	7.328437353	3.916015027	0.231111721	2.734367509	2.197224577	2.208274414	2.442347035	NAN	0.871293366	-2.302585093	0.955511445	4.151512235	NAN	3.596490005	NAN	7.129297549	0
0	7.328437353	3.903990834	0.285178942	2.701361213	2.091864062	2.151762203	2.424802726	NAN	0.78845736	-2.407945609	1.774952351	4.151512235	NAN	3.596490005	NAN	7.475905969	0
0	7.328437353	3.889777396	0.270027137	2.63905733	2.261763098	2.174751721	2.424802726	NAN	0.841567186	-2.407945609	1.029619417	4.151512235	NAN	3.596490005	NAN	7.250635512	0
0	7.328437353	3.906004933	0.343589704	2.778819272	2.332143895	2.054123734	2.379546134	NAN	0.97455964	-2.302585093	NAN	4.151512235	NAN	3.596490005	NAN	7.104965448	0
0	7.328437353	4.079230924	-0.223143551	2.766319109	2.140066163	0.678033543	1.735189118	NAN	1.401182974	0.678033543	NAN	4.151512235	NAN	3.596490005	NAN	6.561030666	0
0	7.328437353	4.075841091	-0.223143551	2.747270914	2.066862759	0.652325186	1.711994501	NAN	1.378766095	0.678033543	1.481604541	4.151512235	NAN	3.596490005	NAN	6.65415252	0
0	7.328437353	4.077537444	-0.235722334	2.747270914	2.054123734	0.657520003	1.711994501	NAN	1.363537374	0.662687973	0.741937345	4.151512235	NAN	3.596490005	NAN	6.421622268	0
0	7.328437353	4.069026754	-0.248461359	2.734367509	2.041220329	0.641853886	1.688249093	NAN	1.319085611	0.652325186	1.410986974	4.151512235	NAN	3.596490005	NAN	6.997595983	0
0	7.328437353	4.065602093	-0.198450939	2.734367509	2.041220329	0.631271777	1.686398954	NAN	1.294727168	0.625938431	1.526056303	4.151512235	NAN	3.596490005	NAN	7.062191632	0
0	7.328437353	4.060443011	-0.235722334	2.727852828	2.041220329	0.631271777	1.686398954	NAN	1.25846099	0.548121409	1.987874348	4.151512235	NAN	3.596490005	NAN	7.142827401	0
0	7.328437353	4.32677816	-2.120263536	2.557227311	-0.400477567	NAN	-0.579818495	NAN	1.386294361	1.5518088	NAN	4.151512235	NAN	3.596490005	NAN	5.198497031	0
0	7.328437353	4.321480135	-2.207274913	2.557227311	-0.400477567	NAN	-0.616186139	NAN	1.348073148	1.528227857	NAN	4.151512235	NAN	3.596490005	NAN	5.402677382	0
0	7.328437353	4.317488114	-2.207274913	2.549445171	-0.162518929	NAN	-0.597837001	NAN	1.342864803	1.521698998	NAN	4.151512235	NAN	3.596490005	NAN	5.198497031	0
0	7.328437353	4.32677816	-2.120263536	2.564949357	-0.527632742	NAN	-0.597837001	NAN	1.383791231	1.558144618	NAN	4.151512235	NAN	3.596490005	NAN	4.96284463	0
0	7.328437353	4.302712828	-2.302585093	2.533696814	-0.210721031	NAN	-0.616186139	NAN	1.272565596	1.470175845	1.223775432	4.151512235	NAN	3.596490005	NAN	6.173786104	0
0	7.328437353	4.284964922	-2.302585093	2.509599262	-0.030459207	NAN	-0.597837001	NAN	1.214912744	1.391281903	1.435084525	4.151512235	NAN	3.596490005	NAN	6.388561406	0
0.470003629	7.39519968	3.858622229	-0.314710745	2.895911938	2.151762203	2.415913778	2.397895273	-3.506557897	0.875468737	NAN	NAN	4.151512235	NAN	3.596490005	NAN	7.244227516	0
0.470003629	7.39519968	3.869115504	-0.385662481	2.901421594	1.945910149	2.493205453	2.433613355	-2.995732274	0.832909123	NAN	NAN	4.151512235	NAN	3.596490005	NAN	7.170119543	0
0.470003629	7.39519968	3.864931398	-0.328504067	2.901421594	2.104134154	2.433613355	2.406945108	-3.218875825	0.875468737	NAN	NAN	4.151512235	NAN	3.596490005	NAN	7.244227516	0
0.470003629	7.39519968	3.869115504	-0.301105093	2.90690106	2.066862759	2.442347035	2.433613355	-2.995732274	0.875468737	NAN	NAN	4.151512235	NAN	3.596490005	NAN	7.244227516	0
0.470003629	7.39519968	3.860729711	-0.328504067	2.890371758	2.116255515	2.442347035	2.388762789	-3.218875825	0.875468737	NAN	NAN	4.151512235	NAN	3.596490005	NAN	7.313220387	0
0.470003629	7.39519968	3.852273001	-0.385662481	2.879198457	2.104134154	2.533696814	2.370243741	-2.525728644	0.741937345	NAN	NAN	4.151512235	NAN	3.596490005	NAN	7.495541944	0
0.470003629	7.39519968	3.862832761	-0.371063681	2.884800713	2.054123734	2.533696814	2.397895273	-2.813410717	0.78845736	NAN	NAN	4.151512235	NAN	3.596490005	NAN	7.377758908	0
0.470003629	7.39519968	3.864931398	-0.328504067	2.917770732	2.104134154	2.388762789	2.424802726	-3.912023005	0.916290732	NAN	NAN	4.151512235	NAN	3.596490005	NAN	7.244227516	0
0.09531018	7.370325096	3.891820298	-0.400477567	2.90690106	1.589235205	2.4765384	2.493205453	-2.813410717	0.955511445	NAN	NAN	4.151512235	NAN	3.596490005	NAN	7.003065459	0
0.182321557	7.370325096	3.871201011	-0.494296322	2.912350665	1.62924054	2.533696814	2.442347035	-2.407945609	0.576613364	NAN	NAN	4.151512235	NAN	3.596490005	NAN	7.313220387	0
0	7.360835258	3.852273001	-0.356674944	2.87356464	2.163323026	2.4765384	2.379546134	-2.659260037	0.792992516	NAN	NAN	4.151512235	NAN	3.596490005	NAN	7.377758908	0
0	7.360835258	3.914021008	-0.342490309	2.856470206	1.648658626	2.451005098	2.4765384	-2.207274913	0.955511445	NAN	NAN	4.151512235	NAN	3.596490005	NAN	7.003065459	0
0	7.360835258	3.914021008	-0.314710745	2.890371758	1.667706821	2.406945108	2.451005098	-2.120263536	0.924258902	NAN	NAN	4.151512235	NAN	3.596490005	NAN	7.003065459	0
0	7.535376785	3.881563798	-1.021651248	1.808288771	2.660259537	3.039749159	1.931521412	NAN	-0.616186139	-3.218875825	NAN	4.113329862	NAN	3.504355474	NAN	8.61974978	0
0.405465108	7.535376785	3.864931398	-0.994252273	1.757857918	2.740840024	3.044522438	1.871802177	NAN	-0.693147181	-3.506557897	NAN	4.12552018	NAN	3.523415014	NAN	8.560252681	0
0.693147181	7.535376785	3.867025639	-1.049822124	1.840549633	2.687847494	3.054001182	1.916922612	NAN	-0.494296322	-3.218875825	NAN	4.11414719	NAN	3.5085559	NAN	8.384804003	0
0	7.535376785	3.929862924	-0.916290732	1.795087259	2.708050201	2.912350665	1.940179474	NAN	-0.755022584	-2.995732274	NAN	4.127134385	NAN	3.583518938	NAN	8.476371197	0
0.405465108	7.535376785	3.90197267	-0.967584026	1.824549292	2.595254707	3.025291076	2.014903021	NAN	-0.798507696	-3.506557897	NAN	4.128745989	NAN	3.583518938	NAN	8.318742253	0
0.693147181	7.535376785	3.908014984	-0.653926467	1.757857918	2.833213344	2.975529566	1.887069649	NAN	-0.634878272	-3.506557897	NAN	4.139955073	NAN	3.555348061	NAN	8.242756346	0
0.916290732	7.535376785	3.889777396	-0.755022584	1.960094784	2.839078464	2.844909384	2.032087845	NAN	-0.510825624	-2.995732274	NAN	4.139955073	NAN	3.552486829	NAN	8.160518247	0
0	7.535376785	3.839452313	-0.430782916	2.302585093	2.797281335	2.222459049	2.557227311	NAN	0.576613364	-1.771956842	NAN	4.128745989	NAN	3.555348061	NAN	8.517193191	0
0	7.535376785	3.860729711	-0.46203546	2.292534757	2.493205453	2.397895273	2.747270914	NAN	0.576613364	-1.714798428	NAN	4.135166557	NAN	3.610917913	NAN	8.455317788	0
0.405465108	7.535376785	3.819907717	-0.693147181	2.388762789	2.833213344	2.2300144	2.564949357	NAN	0.500775288	-1.897119985	NAN	4.127134385	NAN	3.583518938	NAN	8.476371197	0
0.693147181	7.535376785	3.813307032	-0.673344553	2.35991016	2.797281335	2.261763098	2.602689685	NAN	0.524728529	-1.832581464	NAN	4.122283931	NAN	3.583518938	NAN	8.342839804	0
0.916290732	7.535376785	3.826465117	-0.713349888	2.360854001	2.76000994	2.292534757	2.631169157	NAN	0.494696242	-1.832581464	NAN	4.12552018	NAN	3.583518938	NAN	8.216088099	0
1.098612289	7.535376785	3.819907717	-0.755022584	2.433613355	2.753660712	2.370243741	2.693951277	NAN	0.488580015	-1.832581464	NAN	4.127134385	NAN	3.555348061	NAN	8.006367568	0
1.609437912	7.535376785	3.819907717	-0.597837001	2.424802726	2.667228207	2.442347035	2.646174797	NAN	0.364643114	-1.714798428	NAN	4.14472077	NAN	3.523415014	NAN	7.937374696	0
1.609437912	7.561719746	3.802208139	-0.733969175	2.332143895	2.602689685	2.517696473	2.681021529	NAN	0.336472237	-2.040220829	NAN	4.154184563	NAN	3.514526067	NAN	8.131530711	0
0.693147181	7.480512905	3.824284091	-0.597837001	2.424802726	2.803360381	2.292534757	2.618125494	NAN	0.512823626	-1.832581464	NAN	4.128745989	NAN	3.555348061	NAN	8.101677747	0
0.693147181	7.508321053	3.856087373	-0.510825624	2.270061901	2.856470206	2.204972264	2.568021556	NAN	0.536493371	-1.832581464	NAN	4.127134385	NAN	3.555348061	NAN	8.188689124	0
0.693147181	7.561719746	3.828641396	-0.46203546	2.370243741	2.87356464	2.251291799	2.595254707	NAN	0.530628251	-1.771956842	NAN	4.133565275	NAN	3.555348061	NAN	8.433811582	0
0.693147181	7.587386529	3.84310156	-0.634878272	2.376764491	2.850706502	2.259677592	2.606386547	NAN	0.482426149	-1.832581464	NAN	4.135166557	NAN	3.496507561	NAN	8.476371197	0
0	7.535376785	3.892228378	-0.46203546	2.116255515	2.753660712	2.294552921	2.591516385	NAN	0.625938431	-1.897119985	NAN	4.147885329	NAN	3.526360525	NAN	8.455317788	0
0.405465108	7.535376785	3.885268268	-0.527632742	2.157559321	2.799108932	2.290512512	2.588515632	NAN	0.19062036	-1.897119985	NAN	4.130355	NAN	3.572345638	NAN	8.496990484	0
0.693147181	7.535376785	3.871201011	-0.597837001	2.079441542	2.705379973	2.373043557	2.581730834	NAN	0.350656872	-1.832581464	NAN	4.143134726	NAN	3.555348061	NAN	8.366370302	0
0.916290732	7.535376785	3.883623531	-0.446287103	2.261763098	2.797281335	2.197224577	2.541601993	NAN	0.3074847	-1.832581464	NAN	4.112511866	NAN	3.555348061	NAN	8.318742253	0
1.098612289	7.535376785	3.893859035	-0.510825624	2.272125886	2.809402695	2.163323026	2.509599262	NAN	0.336472237	-1.560647748	NAN	4.119037175	NAN	3.575150689	NAN	8.318742253	0
0.223143551	7.434345978	4.107260787	-0.186329578	2.85532012	1.237089651	1.160020917	1.806648082	NAN	1.425515074	0.182321557	-0.820980552	4.156710369	NAN	3.587369923	-1.347073648	7.244227516	0
0.693147181	7.385944068	4.107260787	-0.186329578	2.85532012	1.68557844	1.160020917	1.806648082	NAN	1.425515074	0.182321557	-0.820980552	4.151512235	NAN	3.596490005	NAN	6.214608098	0
0.693147181	7.410437838	4.107260787	-0.186329578	2.85532012	1.68557844	1.160020917	1.806648082	NAN	1.425515074	0.182321557	-0.820980552	4.151512235	NAN	3.596490005	NAN	6.551080335	0
0.693147181	7.434345978	4.107260787	-0.186329578	2.85532012	1.68557844	1.160020917	1.806648082	NAN	1.425515074	0.182321557	-0.820980552	4.151512235	NAN	3.596490005	NAN	6.802394763	0
0.693147181	7.457695841	4.107260787	-0.186329578	2.85532012	1.68557844	1.160020917	1.806648082	NAN	1.425515074	0.182321557	-0.820980552	4.151512235	NAN	3.596490005	NAN	7.090076836	0
1.098612289	7.434345978	4.107260787	-0.186329578	2.85532012	1.606547949	1.160020917	1.806648082	NAN	1.425515074	0.182321557	-0.820980552	4.149915158	NAN	3.599266004	NAN	6.214608098	0
0.223143551	7.434345978	3.995996439	0.173953307	2.688527535	2.029463172	1.521698998	2.080690761	NAN	0.982078472	0.131028262	NAN	4.164890399	NAN	3.57274934	-0.415515444	7.549609165	0
0.693147181	7.360835258	3.995996439	0.173953307	2.688527535	2.407845604	1.521698998	2.080690761	NAN	0.982078472	0.131028262	NAN	4.151512235	NAN	3.596490005	NAN	6.802394763	0
0.693147181	7.410437838	3.995996439	0.173953307	2.688527535	2.407845604	1.521698998	2.080690761	NAN	0.982078472	0.131028262	NAN	4.151512235	NAN	3.596490005	NAN	7.244227516	0
0.693147181	7.434345978	3.995996439	0.173953307	2.688527535	2.407845604	1.521698998	2.080690761	NAN	0.982078472	0.131028262	NAN	4.151512235	NAN	3.596490005	NAN	7.313220387	0
0.693147181	7.457695841	3.995996439	0.173953307	2.688527535	2.407845604	1.521698998	2.080690761	NAN	0.982078472	0.131028262	NAN	4.151512235	NAN	3.596490005	NAN	7.43838353	0
1.098612289	7.434345978	3.995996439	0.173953307	2.688527535	2.154085085	1.521698998	2.080690761	NAN	0.982078472	0.131028262	NAN	4.159546322	NAN	3.582338761	-0.916290732	7.003065459	0
0.223143551	7.434345978	3.827118498	1.316408234	2.457021446	2.386303117	1.442201993	2.17588744	NAN	0.875468737	0.246860078	0.029558802	4.177024445	NAN	3.550431922	0.223143551	7.863266724	0
0.693147181	7.385944068	3.827118498	1.316408234	2.457021446	2.833990837	1.442201993	2.17588744	NAN	0.875468737	0.246860078	0.029558802	4.151512235	NAN	3.596490005	NAN	7.43838353	0
0.693147181	7.410437838	3.827118498	1.316408234	2.457021446	2.833990837	1.442201993	2.17588744	NAN	0.875468737	0.246860078	0.029558802	4.151512235	NAN	3.596490005	NAN	7.549609165	0
0.693147181	7.434345978	3.827118498	1.316408234	2.457021446	2.833990837	1.442201993	2.17588744	NAN	0.875468737	0.246860078	0.029558802	4.151512235	NAN	3.596490005	NAN	7.696212639	0
0.693147181	7.457695841	3.827118498	1.316408234	2.457021446	2.833990837	1.442201993	2.17588744	NAN	0.875468737	0.246860078	0.029558802	4.151512235	NAN	3.596490005	NAN	7.824046011	0
1.098612289	7.434345978	3.827118498	1.316408234	2.457021446	2.594748797	1.442201993	2.17588744	NAN	0.875468737	0.246860078	0.029558802	4.167971185	NAN	3.56715552	-0.210721031	7.495541944	0
-0.223143551	7.45190929	3.901568548	-0.261364764	2.835563521	2.101692151	2.432735777	2.483238593	-5.231614336	0.751416089	-2.040220829	NAN	4.066459359	1.570697084	3.540959324	0.672944473	7.378383713	0
-0.223143551	7.45190929	3.953356869	-0.198450939	2.90526037	1.036736885	2.494031558	2.540025949	-6.484377305	0.760805829	-2.525728644	NAN	4.040943785	1.451613827	3.613077741	0.576613364	7.40367029	0
-0.223143551	7.45190929	3.930255774	-0.15082289	2.876385516	1.623340818	2.421256623	2.495681723	-4.908840944	0.819779831	-2.040220829	NAN	3.93417581	2.452727751	3.563599638	0.067658648	7.170119543	0
-0.223143551	7.45190929	3.88711537	-0.261364764	2.834389123	1.935859813	2.341805806	2.469793012	-4.364113768	0.896088025	-2.302585093	NAN	3.931433399	2.618854622	3.534270336	0.246860078	7.177782416	0
-0.223143551	7.45190929	4.023206534	0.488580015	2.927988621	-0.020202707	2.30058309	2.361796953	-5.53529675	0.625938431	-0.634878272	NAN	3.780318514	2.92905814	3.617114888	-1.966112856	7.290292882	0
-0.223143551	7.45190929	4.042875814	0.336472237	2.911263117	0.667829373	2.163323026	2.281361457	-4.961950769	0.737164066	-0.713349888	NAN	3.793014219	2.937573359	3.577668525	-0.634878272	7.177018766	0
-0.223143551	7.45190929	3.973682386	0.3074847	2.876948738	2.1102132	2.16676537	2.2300144	-4.425989172	0.576613364	-0.798507696	NAN	3.915616541	2.592265168	3.51244056	0.067658648	6.955592608	0
-0.223143551	7.45190929	4.028560822	0.482426149	2.955951404	0.862889955	2.201659174	2.312535424	-5.185094321	0.683096845	-0.634878272	NAN	3.847164433	2.837322537	3.575990672	-1.966112856	7.073269717	0
-0.223143551	7.45190929	3.875359021	-0.186329578	2.781300663	2.217027205	2.346601978	2.483238593	-4.20711002	0.727548607	-2.302585093	NAN	3.946231177	2.501435952	3.524888854	0.620576488	7.489412084	0
-0.223143551	7.45190929	3.993049844	0.438254931	2.904712875	1.050821625	2.202764758	2.312535424	-5.185094321	1.00063188	-0.446287103	NAN	3.943327855	2.498973907	3.542986254	-1.021651248	7.391415235	0
0.405465108	7.422463356	4.028738805	NAN	3.020424886	1.147402453	1.896119485	2.440606391	NAN	NAN	NAN	NAN	4.11038194	-1.46967597	3.606855619	-0.083381609	7.003065459	0
0.405465108	7.422463356	4.055083848	NAN	3.015534901	0.113328685	1.876406943	2.566486637	NAN	NAN	NAN	NAN	4.129550818	-1.049822124	3.583518938	-1.021651248	7.495541944	0
0.405465108	7.422463356	4.088158803	NAN	3.006177531	-0.579818495	1.871802177	2.395164274	NAN	NAN	NAN	NAN	4.132603274	-1.237874356	3.607126952	-1.560647748	8.131530711	0
0.405465108	7.422463356	3.874113432	NAN	2.899771882	2.794839331	1.72455072	2.239645293	NAN	NAN	NAN	NAN	4.135486506	-1.139434283	3.50375397	1.118414916	7.783224016	0
0.405465108	7.561719746	3.975561026	NAN	3.074543454	0.683096845	2.095560924	2.486571929	NAN	NAN	NAN	NAN	4.121635422	-0.994252273	3.602231647	-0.994252273	8.342839804	0
0.405465108	7.480512905	3.888959066	NAN	2.80819715	-0.494296322	2.771963527	2.717340248	NAN	NAN	NAN	NAN	4.148990563	0.086177696	3.523119986	-1.427116356	8.974618038	0
0.405465108	7.480512905	3.716494621	NAN	2.769458829	2.016235466	2.741484977	2.702032129	NAN	NAN	NAN	NAN	4.102643365	0.148420005	3.568405301	0.683096845	7.824046011	0
0.405465108	7.480512905	3.670715483	NAN	2.708050201	2.450142657	2.711377991	2.647592232	NAN	NAN	NAN	NAN	4.115127101	0.122217633	3.5085559	1.156881197	7.783224016	0
0.405465108	7.422463356	3.92304405	-0.200485527	2.732969888	2.014867464	2.345295703	2.535611646	NAN	0.317507829	NAN	NAN	4.11646623	-1.140747645	3.604682295	-0.407689008	7.468403878	0
0.405465108	7.422463356	3.880087279	-0.429322445	2.545316216	2.026093506	2.828093397	2.317223264	NAN	0.428117701	NAN	NAN	4.128711568	-1.105520712	3.586015819	-0.460409798	7.588534626	0
0.405465108	7.422463356	3.918045003	-0.309973127	2.593708736	2.004345261	2.744862032	2.373801269	NAN	0.277259192	NAN	NAN	4.11015337	-0.414647134	3.610377226	-0.312420338	7.575969193	0
0.405465108	7.422463356	3.637768474	-0.496852279	2.483852523	3.260716455	2.075246146	2.248969932	NAN	0.351953817	NAN	NAN	4.155228259	-0.689570554	3.42165339	1.905175633	8.823253558	0
0.405465108	7.422463356	3.574585014	-0.596040635	2.364899267	3.249873505	2.123528866	2.534151737	NAN	0.288839735	-2.153980376	NAN	4.158782141	-0.555519957	3.369362658	1.845969838	8.721883072	0
0.405465108	7.422463356	3.62386144	-0.538819374	2.43029455	3.32518571	2.09469544	2.269839941	NAN	0.368261559	-2.134070537	NAN	4.161257426	-0.611590548	3.391483689	1.954445052	8.803762145	0
0.405465108	7.422463356	3.615994388	-0.54256613	2.42018081	3.359626016	2.084921144	2.226897669	NAN	0.35698323	-2.156754645	NAN	4.173174447	-0.478734379	3.369706715	1.965123367	8.88086361	0
0.405465108	7.422463356	3.805931853	NAN	2.873210528	1.142448403	2.839892947	2.794087215	NAN	-1.49106246	NAN	NAN	4.132325725	-0.806529671	3.593194204	-0.301393666	7.921656573	0
0.405465108	7.422463356	3.80894031	NAN	2.850886399	1.065529367	2.787928088	2.830223216	NAN	-0.199939851	NAN	NAN	4.121840694	-0.697019197	3.596490005	-0.286416207	7.932272416	0
0.405465108	7.422463356	3.898686191	-0.324245471	2.604039616	1.966847223	2.754859762	2.320769656	NAN	0.199364885	NAN	NAN	4.001938724	1.929356917	3.592368554	0.124868982	7.714269964	0
0.405465108	7.422463356	3.839935529	-0.489227224	2.727894222	1.898121983	2.549015391	2.499491439	NAN	0.722689801	-1.77864583	NAN	4.016671844	1.938290509	3.586015819	-0.506687531	7.69245559	0
0.405465108	7.422463356	3.872220283	-0.386643354	2.561594377	2.088846138	2.765714629	2.360500165	NAN	0.512274574	-1.99516167	NAN	4.08658723	0.621798091	3.594019173	0.445857296	7.722050199	0
0.405465108	7.422463356	3.886768067	-0.51342901	2.305739114	1.222786708	3.133032057	2.422554625	NAN	-0.199939851	NAN	NAN	3.897403215	2.473473515	3.616577542	-0.779960759	7.922460458	0
0.405465108	7.422463356	3.925927472	-0.412653382	2.529074374	1.185617879	2.983063403	2.302400493	NAN	-0.211590751	NAN	NAN	3.917326044	2.49624775	3.615232914	-1.068713738	7.659721531	0
0.405465108	7.422463356	3.853484157	-0.294908118	2.628963703	2.529368412	2.266947553	2.439443258	NAN	0.575210696	NAN	NAN	3.984660628	2.434306751	3.466240902	1.032789078	7.729788077	0
0.405465108	7.422463356	3.816383324	-0.319282015	2.640507748	2.624908972	2.203700946	2.394887277	NAN	0.531983733	NAN	NAN	3.928261684	2.66560062	3.456231309	1.133838567	7.61124293	0
0.405465108	7.422463356	3.81854846	-0.301578178	2.641211436	2.630215498	2.313372697	2.403741785	NAN	0.476066463	NAN	NAN	3.893783923	2.829989871	3.436497766	1.05795468	7.64405773	0
0.405465108	7.422463356	3.89969361	-0.260462574	2.678940598	2.223387112	2.313467662	2.468669284	NAN	0.718571233	NAN	NAN	4.060994439	1.918078398	3.511477692	0.508270696	7.500186696	0
0.405465108	7.422463356	3.91214784	-0.214625112	2.71615377	2.030560156	2.320155096	2.494332988	NAN	0.67464639	NAN	NAN	4.000501056	2.299790282	3.514463227	0.590287324	7.35291782	0
0.405465108	7.422463356	3.888633286	-0.236380778	2.67217947	2.176917556	2.341534616	2.490918542	NAN	0.721693334	NAN	NAN	3.948567903	2.609788456	3.496388596	0.436128602	7.467176762	0
0.405465108	7.422463356	3.900332942	-0.222851927	2.735529172	2.048118559	2.382320061	2.485453722	NAN	0.586118608	NAN	NAN	3.896869392	2.839743447	3.472562807	0.351632042	7.723120092	0
0.405465108	7.422463356	3.89878399	-0.237175362	2.69093835	2.127359477	2.311874169	2.494459406	NAN	0.660265393	NAN	NAN	4.030673963	1.844438742	3.578374669	0.445536275	7.580507657	0
0.405465108	7.422463356	3.883240074	-0.264493557	2.668193581	2.008596328	2.306986474	2.541113047	NAN	0.920871575	NAN	NAN	4.036061914	1.79953403	3.576572996	0.469605112	7.688753068	0
0.405465108	7.422463356	3.897558958	-0.220188462	2.68171085	1.974040485	2.323362867	2.510539273	NAN	0.631622492	NAN	NAN	3.949762751	2.409786114	3.565574639	0.460967089	7.398395846	0
0.405465108	7.422463356	3.627111348	-0.531519032	2.37641767	3.304848984	2.028353186	2.245725322	NAN	0.307261258	NAN	NAN	4.102637304	1.448881992	3.375170692	1.793881073	8.6826633	0
0.405465108	7.422463356	3.80807882	-4.414549826	2.870215535	1.192498728	2.709349357	2.853393351	NAN	-2.458069996	NAN	NAN	4.059974245	1.364308275	3.623381362	-0.430577809	7.671337624	0
0.405465108	7.422463356	3.343756575	-0.765139444	2.210359888	3.397085208	2.001029126	2.777846009	NAN	0.129588212	-2.340385862	NAN	4.084490148	1.947189753	3.309016707	1.827960731	8.981438607	0
0.405465108	7.422463356	3.782268699	-4.171441613	2.769138402	1.486445079	2.741607471	2.821768691	NAN	-1.449830718	NAN	NAN	3.423499653	3.583233813	3.490953961	-0.660797847	7.060304677	0
0.405465108	7.422463356	3.952641203	-0.173056609	2.791668049	0.825902022	2.423921807	2.56899884	NAN	0.558409346	-1.914967192	NAN	1.478790163	4.245783101	3.248860963	-3.194718751	5.495527536	0
0.405465108	7.422463356	3.93382481	-0.197073839	2.770026693	1.618867316	2.469457084	2.509805745	NAN	0.598066974	-1.913249367	NAN	3.466025878	3.533200396	3.508825075	-1.054475793	6.716473701	0
0.405465108	7.422463356	3.844197845	-0.313638261	2.661820672	2.448131001	2.251030361	2.426267729	NAN	0.42637823	-2.005375967	NAN	3.439036077	3.597984748	3.456994514	-0.515770261	6.923218439	0
0.405465108	7.561719746	3.937045413	-0.233488543	2.759735942	1.963785483	2.361486775	2.521362938	NAN	0.685784428	NAN	NAN	4.114197842	-0.336545573	3.605288282	0.254935026	7.753075675	0
0.405465108	7.561719746	3.886167077	-0.262719064	2.685011396	2.123956918	2.360766609	2.50139583	NAN	0.674932292	NAN	NAN	4.115548287	-0.368269171	3.593297437	0.511930468	8.117777119	0
0.405465108	7.360835258	3.881539662	-0.22243057	2.695317523	2.224002055	2.307260909	2.490288465	NAN	0.593206591	NAN	NAN	4.114934741	-0.408888103	3.58296307	0.74545496	7.424537246	0
0.405465108	7.480512905	3.895031056	-0.210460042	2.713770002	2.168270373	2.318792751	2.507976809	NAN	0.652130227	NAN	NAN	4.11923412	-0.382288278	3.576113391	0.728129759	7.956068265	0
0.405465108	7.360835258	3.87585386	-0.119362854	2.822717276	2.263413521	2.141923262	2.38572673	NAN	0.704983991	-1.545801787	NAN	4.089488904	-0.421160364	3.626023388	0.728129759	7.223504056	0
0.405465108	7.561719746	3.651680466	-0.502341514	2.46816219	3.296685328	2.077547325	2.26488889	NAN	0.354847821	NAN	NAN	4.161607453	-0.512067623	3.371196109	1.810387947	9.000199793	0
0.405465108	7.561719746	3.820851748	NAN	2.878276684	1.101409887	2.819804325	2.819666924	NAN	-2.120490835	NAN	NAN	4.114395882	-0.767850522	3.633180912	-0.717849793	8.449552652	0
0.405465108	7.561719746	3.650719664	-0.485272033	2.422848653	3.273223849	2.053829165	2.21282626	NAN	0.322739375	NAN	NAN	4.106991085	1.420552408	3.359648645	1.843387896	8.711496731	0
0.405465108	7.535376785	3.79889686	NAN	2.871859505	1.136238008	2.818550177	2.815770207	NAN	-1.951806811	NAN	NAN	4.065418765	1.477555952	3.605327994	-0.626021731	8.45381409	0
0.405465108	7.587386529	3.806526258	-4.337435751	2.890182851	1.170387065	2.911576452	2.782150364	NAN	-2.442882179	NAN	NAN	4.046717209	1.573835278	3.623505777	-0.699477702	8.959144508	0
0.405465108	7.480512905	3.800588078	NAN	2.864541283	1.250787447	2.807305619	2.813572304	NAN	-2.624272171	NAN	NAN	4.051404702	1.488036538	3.611017151	0.085990523	8.061792814	0
0.405465108	7.422463356	3.755064007	-0.128997842	2.805727692	1.402498568	2.76864107	2.777353216	NAN	NAN	NAN	NAN	4.137549741	NAN	3.579678053	0.398024159	7.537992038	0
0.405465108	7.422463356	3.75908456	0.435744451	2.601606608	2.691111487	2.243907183	2.359089581	NAN	0.621172595	-1.96637263	NAN	4.164716076	NAN	3.482657838	1.12476338	8.096955873	0
0.405465108	7.422463356	3.635029954	0.322611919	2.465408476	3.191134812	2.093085538	2.243930405	NAN	0.496509518	-2.076246651	NAN	4.175022697	NAN	3.381184669	1.714355921	8.623882236	0
0.405465108	7.422463356	3.704564394	0.396218321	2.543527795	2.954657317	2.163323744	2.311227019	NAN	0.533037112	-1.973731087	NAN	4.169242561	NAN	3.443593547	1.394836718	8.322005216	0
0.405465108	7.422463356	3.560830008	0.211819678	2.411234096	3.353989939	2.105925841	2.157185263	NAN	0.338256358	-2.06038429	NAN	4.206026082	NAN	3.456402902	0.188854404	8.917626997	0
0.405465108	7.457695841	3.824812	NAN	2.292618411	1.332781331	2.858962089	2.918473465	NAN	NAN	NAN	NAN	4.082095515	-1.280973846	3.674434628	0.02599258	8.141235786	0
0.405465108	7.457695841	3.861754611	NAN	2.375710797	1.19452951	2.858715473	2.984375918	NAN	NAN	NAN	NAN	4.099767498	-1.804520547	3.650989096	-0.003559661	8.136506996	0
2.772588722	7.813187268	3.747855659	-1.771956842	1.153731588	1.601405741	3.805550761	1.266947603	-2.659260037	NAN	NAN	NAN	4.088829382	-1.897119985	3.62300671	0.131028262	8.189244526	0
2.772588722	7.813187268	3.760036648	-1.966112856	1.068153081	1.30833282	3.817052768	1.16938136	-2.813410717	NAN	NAN	NAN	4.101816577	-1.386294361	3.541249137	-0.46203546	8.739376282	0
2.890371758	7.813187268	3.739572568	-1.966112856	1.043804052	1.597365331	3.824502408	1.078409581	-2.407945609	NAN	NAN	NAN	4.041295341	-1.714798428	3.676047475	0.405465108	8.238008249	0
2.890371758	7.813187268	3.769998505	-1.771956842	1.166270937	1.658228077	3.75630443	1.249901736	-2.207274913	NAN	NAN	NAN	4.074481933	-1.427116356	3.63995178	0.165514438	8.270781013	0
3.044522438	7.813187268	3.754433085	-1.832581464	1.10856262	1.549687908	3.801314883	1.193922468	-2.407945609	NAN	NAN	NAN	4.007151351	-1.660731207	3.750209709	0.506817602	8.364741068	0
3.044522438	7.813187268	3.794589909	-2.813410717	0.737164066	1.591273942	3.772301062	0.598836501	-2.813410717	NAN	NAN	NAN	4.046553898	-2.120263536	3.706473763	0.58221562	7.947678571	0
2.397895273	7.813187268	3.667911148	-2.407945609	1.022450928	1.572773928	3.888754378	1.078409581	-2.407945609	NAN	NAN	NAN	4.057680578	-1.427116356	3.659708077	0.867100488	8.712266432	0
3.135494216	7.813187268	3.8981269	-2.040220829	1.644805056	1.54329811	3.584906864	1.30833282	-1.021651248	NAN	NAN	NAN	4.055257174	-2.207274913	3.658420247	0.405465108	7.406103381	0
2.079441542	7.68386398	3.651177587	-1.832581464	1.458615023	2.106570209	3.814630659	1.00795792	-1.203972804	NAN	NAN	NAN	4.07973841	-0.94160854	3.572907278	1.095273387	8.439447843	0
2.079441542	7.68386398	3.748797944	-1.609437912	1.398716881	2.109000344	3.700808025	1.300191662	-1.237874356	NAN	NAN	NAN	4.086312391	-0.916290732	3.580180037	0.959350221	8.15564927	0
2.079441542	7.68386398	3.636269504	-1.46967597	1.427916036	1.900613874	3.842672927	1.366091654	-1.714798428	NAN	NAN	NAN	4.099995234	-1.386294361	3.562749177	1.562346305	8.628555659	0
2.079441542	7.68386398	3.647275904	-1.832581464	0.570979547	1.805004696	3.893655348	1.111857515	-2.659260037	NAN	NAN	NAN	4.092509546	-1.514127733	3.575990672	1.615419984	8.690305809	0
2.079441542	7.728855824	3.604954219	-1.966112856	1.004301609	1.761300262	3.953356869	0.928219303	-2.302585093	NAN	NAN	NAN	4.102973889	-1.347073648	3.622205321	0.350656872	9.095266164	0
2.079441542	7.728855824	3.632838063	-1.897119985	1.124929597	2.012232792	3.887525374	1.238374231	-2.525728644	NAN	NAN	NAN	4.097672352	-1.714798428	3.62912945	0.667829373	8.931419805	0
2.397895273	7.771910256	3.694115721	-2.120263536	1.124929597	1.997417706	3.816832818	1.036736885	-2.040220829	NAN	NAN	NAN	4.061476959	-2.120263536	3.624607564	0.797507196	7.993957548	0
2.397895273	7.728855824	3.679081612	-1.427116356	1.456286733	2.211565695	3.72062034	1.609437912	-1.832581464	NAN	NAN	NAN	4.042349267	-1.832581464	3.614963771	0.891998039	8.191740021	0
2.397895273	7.728855824	3.691874963	-1.46967597	1.467874348	2.112634509	3.726897521	1.581038438	-1.771956842	NAN	NAN	NAN	4.063197833	-1.560647748	3.609836247	0.802001585	8.161945799	0
2.397895273	7.813187268	3.702289141	-1.714798428	1.166270937	1.986503546	3.802877558	1.300191662	-4.605170186	NAN	NAN	NAN	4.035655566	-1.897119985	3.638375322	0.615185639	8.496378052	0
2.397895273	7.813187268	3.716494621	-1.897119985	1.08180517	1.89761986	3.820126991	1.181727195	-2.302585093	NAN	NAN	NAN	4.057680578	-1.966112856	3.635742356	0.75612198	8.766705998	0
1.945910149	7.813187268	3.605497845	-1.966112856	0.850150929	2.051556338	3.899342952	1.033184483	-4.605170186	NAN	NAN	NAN	4.034240638	-2.040220829	3.628332954	0.779324877	9.107088742	0
2.397895273	7.87207398	3.650138626	-1.897119985	0.810930216	1.81319475	3.908617212	1.047318994	-4.605170186	NAN	NAN	NAN	4.02660091	-1.771956842	3.656097965	0.530628251	8.866299566	0
2.397895273	7.87207398	3.616577542	-1.966112856	0.932164081	1.853168097	3.911022505	1.078409581	-2.302585093	NAN	NAN	NAN	4.052654135	-1.897119985	3.659965444	0.593326845	8.767796256	0
1.945910149	7.813187268	3.621028787	-2.098110732	1.710782575	1.561507379	3.974283935	-0.305113114	-2.607209886	NAN	NAN	NAN	4.160364872	-1.080168051	3.514526067	0.289852792	9.041329829	0
2.397895273	7.813187268	3.670896221	-1.43258964	1.401256863	2.043391995	3.755923428	1.495496239	-1.849435893	NAN	NAN	NAN	4.106208652	-1.74602196	3.639208235	0.849381403	8.125347107	0
