2.50	1673.00	33.28	17.21	7.34	22.97	5.90	10.85	0.18	0.36	0.07	0.00	63.94	0.00	34.07	1.76	4570.00
2.00	1773.00	38.52	9.87	9.93	18.05	8.38	12.30	0.33	0.34	0.07	0.00	63.59	0.00	33.27	2.32	4658.00
1.50	1873.00	42.89	4.77	13.35	17.69	6.76	11.79	0.01	0.49	0.14	0.00	63.90	0.00	33.78	2.80	4798.00
1.50	1823.00	39.34	10.74	9.28	17.71	8.41	12.44	0.37	0.37	0.06	0.00	64.65	0.00	33.31	2.27	4551.00
1.50	1773.00	38.63	10.29	9.62	16.19	8.98	13.31	0.35	0.37	0.06	0.00	63.91	0.00	33.60	2.09	5316.00
1.50	1723.00	39.07	11.02	8.98	18.38	8.19	11.94	0.37	0.37	0.05	0.00	63.52	0.00	34.10	2.25	4460.00
1.00	1773.00	37.97	10.87	9.41	18.25	8.71	11.94	0.36	0.34	0.05	0.00	63.98	0.00	33.22	2.78	5350.00
1.00	1683.00	37.94	18.77	5.45	12.21	13.89	7.62	0.00	0.21	0.14	0.00	61.17	0.00	38.69	2.93	4755.00
1.00	1783.00	42.35	4.90	6.70	18.44	15.22	8.32	0.00	0.45	0.13	0.00	60.31	0.00	31.07	4.43	4465.00
1.00	1883.00	38.02	0.72	9.15	16.78	19.07	12.36	0.00	0.08	0.04	0.00	61.73	0.35	32.00	3.26	5321.00
1.00	1683.00	37.39	0.85	11.19	17.82	14.10	14.63	0.00	0.38	0.07	0.00	61.96	0.25	29.34	4.67	4533.00
1.00	1783.00	38.50	0.71	9.42	21.81	17.32	10.21	0.00	0.21	0.09	0.00	61.88	0.61	33.11	5.22	5301.00
1.00	1883.00	46.04	0.64	9.45	18.55	12.00	9.77	0.00	0.77	0.07	0.00	60.12	0.61	31.01	3.31	5337.00
1.00	1783.00	45.59	0.66	9.30	21.27	10.68	8.55	0.00	0.48	0.05	0.00	61.31	1.26	32.13	3.77	5028.00
1.00	1688.00	37.89	0.79	12.31	24.44	6.95	14.00	0.00	0.14	0.05	0.00	61.46	0.39	27.93	5.25	4992.00
1.00	1783.00	44.12	0.69	12.68	20.87	7.58	10.11	0.00	0.38	0.07	0.00	60.64	0.88	29.93	3.66	5163.00
1.00	1683.00	40.83	0.63	8.80	25.23	10.25	8.73	0.00	0.54	0.13	0.00	62.48	0.76	30.28	3.84	5418.00
1.00	1883.00	43.44	1.80	12.32	13.28	9.98	11.74	0.00	0.48	0.26	0.00	59.50	0.24	32.17	3.18	4896.00
1.00	1883.00	37.87	0.37	6.75	23.82	15.67	10.67	0.00	0.10	0.05	0.00	42.64	25.71	26.35	2.98	4749.00
1.00	1683.00	41.10	2.19	10.85	20.12	11.82	9.54	0.00	0.40	0.16	0.00	60.01	0.95	32.37	3.46	4416.00
1.00	1883.00	36.67	0.34	6.87	26.84	14.60	10.43	0.00	0.23	0.11	0.00	36.32	34.07	28.10	2.02	4458.00
1.00	1883.00	36.63	0.37	6.49	31.72	13.14	7.56	0.00	0.07	0.03	0.00	25.35	49.71	22.66	0.03	5223.00
1.00	1883.00	36.67	0.34	7.14	28.36	14.74	8.17	0.00	0.13	0.03	0.00	29.69	39.51	25.02	1.92	4613.00
1.00	1783.00	27.71	7.44	5.71	39.26	7.80	7.45	0.00	0.34	0.16	0.00	16.79	56.98	22.06	1.91	4421.00
1.00	1783.00	33.77	8.74	7.23	28.87	7.41	8.45	0.00	0.66	0.17	0.00	32.49	37.05	25.95	1.77	4761.00
0.00	1573.00	42.23	2.55	7.82	27.76	10.23	8.51	0.00	0.10	0.00	0.00	66.47	0.00	31.47	1.85	4584.10
1.50	1673.15	44.23	0.01	17.71	0.88	17.70	16.44	0.00	0.35	0.01	0.00	44.91	15.29	39.71	0.09	4970.20
1.50	1923.15	54.30	0.00	13.18	12.97	4.58	13.04	0.00	0.00	0.00	0.00	59.03	2.41	35.90	2.66	4921.00
1.50	1923.15	41.08	0.00	16.63	9.13	15.37	15.29	0.00	0.00	0.00	0.00	59.78	1.40	37.20	1.62	4563.33
1.50	1923.15	34.72	0.00	13.82	8.70	26.87	14.26	0.00	0.00	0.00	0.00	59.59	2.02	35.77	2.61	4844.95
1.50	2073.15	45.33	0.03	9.41	7.24	20.39	17.20	0.00	0.08	0.00	0.00	64.54	0.17	34.39	1.45	4943.82
1.50	2073.15	43.58	0.03	8.99	10.45	19.78	16.40	0.00	0.08	0.00	0.00	64.63	0.14	33.77	2.05	4733.91
5.50	2073.15	47.30	0.03	9.60	3.37	19.97	18.15	0.00	0.03	0.00	0.00	62.68	0.18	36.09	0.25	4408.80
7.00	2073.15	45.77	0.02	3.63	24.16	9.90	10.28	0.00	1.26	0.00	0.00	63.12	0.66	33.94	2.12	4557.47
0.00	1673.15	41.50	14.20	8.50	13.50	10.70	11.20	0.00	0.00	0.00	0.00	63.53	0.00	36.47	0.00	4900.00
0.00	1673.15	41.70	14.10	8.50	13.40	10.80	11.20	0.00	0.00	0.00	0.00	63.53	0.00	36.47	0.00	4960.00
0.00	1673.15	41.60	14.10	8.50	13.50	10.70	11.20	0.00	0.00	0.00	0.00	63.53	0.00	36.47	0.00	5027.00
0.00	1673.15	41.80	14.20	8.40	13.20	10.70	11.30	0.00	0.00	0.00	0.00	63.53	0.00	36.47	0.00	4787.00
0.00	1673.15	45.50	15.30	9.90	3.50	12.40	12.40	0.00	0.00	0.00	0.00	63.53	0.00	36.47	0.00	4637.00
0.00	1673.15	40.90	13.80	8.30	14.50	10.60	11.00	0.00	0.00	0.00	0.00	63.53	0.00	36.47	0.00	4665.00
0.00	1473.15	40.72	4.92	8.19	21.97	8.01	11.09	0.00	1.58	0.89	0.00	63.48	1.46	29.05	6.39	4605.00
0.00	1473.15	39.97	4.84	8.02	23.42	7.61	10.93	0.00	1.78	0.94	0.00	48.79	15.57	32.19	2.88	5136.00
1.50	1873.15	47.70	0.37	5.80	15.50	21.00	6.50	0.00	0.50	0.03	0.00	61.90	0.00	33.90	0.00	5220.00
2.00	1873.15	47.80	0.35	6.30	14.70	21.20	6.80	0.00	0.61	0.04	0.00	61.20	0.00	33.40	0.00	4380.00
1.00	1873.15	50.90	0.40	6.02	15.00	18.40	6.96	0.00	0.47	0.05	0.00	62.00	0.00	36.00	0.00	4800.00
1.00	1873.15	46.50	0.65	10.00	16.40	9.23	12.90	0.00	1.78	0.17	0.00	62.10	0.00	35.00	0.00	5000.00
1.00	1873.15	47.50	0.63	9.90	12.10	11.00	15.60	0.00	1.78	0.18	0.00	62.50	0.00	37.00	0.00	4700.00
1.50	1873.15	45.60	0.50	10.90	17.00	9.30	13.00	0.00	1.65	0.15	0.00	62.00	0.00	36.00	0.00	4800.00
2.00	1923.15	46.00	0.63	10.70	17.70	9.50	13.40	0.00	1.70	0.17	0.00	62.40	0.00	35.00	0.00	4600.00
2.00	1973.15	46.67	0.53	10.77	17.30	9.58	13.55	0.00	1.62	0.16	0.00	62.50	0.00	33.00	0.00	4800.00
1.00	1873.15	49.02	0.63	8.30	15.70	9.92	13.35	0.00	1.87	0.15	0.00	63.30	0.00	34.00	0.00	4700.00
1.50	1873.15	48.68	0.59	8.65	16.43	9.88	13.31	0.00	1.21	0.15	0.00	62.20	0.00	35.60	0.00	4900.00
1.50	1923.15	45.64	0.00	17.78	3.01	16.77	16.77	0.00	0.12	0.00	0.00	61.22	0.46	37.83	0.49	4672.98
1.50	1873.15	44.65	0.00	17.67	3.12	16.75	16.71	0.00	0.14	0.00	0.00	58.29	4.38	36.79	0.53	4692.94
8.00	2173.00	38.52	0.16	4.30	8.22	45.36	2.74	0.30	0.00	0.00	0.00	59.13	0.39	35.62	2.99	4626.00
11.00	2473.00	40.54	0.18	3.21	7.29	44.83	3.67	0.01	0.00	0.00	0.00	56.58	0.15	38.03	1.85	4897.00
