1.00	1543.00	52.38	1.12	15.96	4.54	3.08	9.54	0.00	2.72	6.53	2.84	62.88	0.00	36.03	1.09	1225.00
1.00	1543.00	53.37	1.09	16.42	4.43	3.14	9.51	0.00	2.52	6.24	2.84	62.90	0.00	36.04	1.06	1214.00
1.00	1543.00	52.98	1.15	16.41	4.11	3.36	10.16	0.00	2.51	6.01	2.58	62.95	0.00	36.07	0.99	1184.00
1.00	1543.00	53.05	1.12	15.55	5.12	3.75	9.95	0.00	3.07	4.34	3.14	62.79	0.00	35.98	1.23	1537.00
1.00	1543.00	54.08	1.11	16.30	4.95	3.81	9.88	0.00	2.98	4.22	3.14	62.82	0.00	35.99	1.19	1434.00
1.00	1543.00	53.42	1.11	17.32	5.08	3.76	10.00	0.00	3.17	4.26	1.28	62.80	0.00	35.98	1.22	1025.00
1.00	1543.00	54.70	0.90	18.02	1.85	4.18	11.33	0.00	2.28	3.35	3.39	63.29	0.00	36.26	0.44	1211.00
1.00	1583.00	43.09	1.17	17.80	12.65	6.59	14.36	0.00	0.59	0.26	0.00	60.63	0.30	32.36	2.35	1635.00
1.00	1783.00	36.38	1.70	11.42	29.72	7.48	7.68	0.00	0.46	0.26	0.00	24.52	51.82	23.77	0.02	1571.00
1.00	1523.00	51.28	0.89	17.13	7.13	7.19	10.69	0.00	2.58	0.83	0.00	64.65	0.03	36.75	1.14	1398.00
1.00	1523.00	50.99	0.71	16.85	8.51	7.08	10.35	0.00	2.51	0.84	0.00	58.92	4.75	35.31	1.37	1328.00
1.00	1523.00	49.60	1.11	17.33	6.88	7.23	10.57	0.00	2.53	0.80	0.00	50.48	14.26	33.02	2.16	1137.00
1.00	1523.00	50.34	1.09	17.29	5.92	7.21	10.51	0.00	2.54	0.80	0.00	62.67	0.00	35.91	1.42	1069.00
1.00	1523.00	52.68	1.09	16.88	6.95	7.41	10.52	0.00	2.53	0.81	0.00	62.51	0.00	35.82	1.67	1083.00
1.00	1523.00	51.53	0.73	16.87	6.81	7.04	10.46	0.00	2.50	0.79	0.00	62.54	0.00	35.83	1.63	1020.00
1.00	1523.00	51.98	1.16	17.26	8.52	7.17	10.52	0.00	2.51	0.84	4.96	51.53	13.25	33.45	2.23	1523.00
1.00	1523.00	51.94	1.20	17.74	6.34	7.57	10.96	0.00	2.58	0.88	3.21	51.91	11.55	36.23	0.82	1402.00
1.00	1523.00	51.83	0.99	17.37	7.08	7.27	10.46	0.00	2.48	0.73	2.72	50.39	11.72	36.46	0.94	1355.00
1.00	1523.00	52.16	1.12	17.37	6.12	7.61	10.47	0.00	2.79	0.99	1.70	62.64	0.00	35.89	1.47	1255.00
1.00	1523.00	52.78	1.20	16.91	6.49	7.35	10.53	0.00	2.52	0.81	1.21	50.65	12.08	33.74	2.09	1151.00
1.00	1523.00	52.73	1.10	17.33	5.90	7.20	10.51	0.00	2.55	0.79	0.00	48.64	13.76	35.34	1.26	1053.00
1.00	1673.00	47.10	2.80	8.90	20.10	11.10	9.20	0.00	0.24	0.00	0.00	90.96	0.00	9.47	0.00	1189.64
1.00	1673.00	48.15	2.65	8.95	18.45	10.95	9.22	0.00	0.23	0.00	0.00	88.29	0.00	12.53	0.00	1471.84
0.00	1672.00	51.50	3.00	9.60	12.50	11.80	10.00	0.00	0.13	0.00	0.00	91.05	0.00	8.67	0.00	1433.00
0.00	1671.00	51.32	3.18	9.67	12.65	11.87	9.97	0.00	0.02	0.00	0.00	91.04	0.00	9.35	0.00	1367.12
0.00	1671.00	50.66	3.04	9.57	14.60	11.72	9.91	0.00	0.01	0.00	0.00	89.80	0.00	10.28	0.00	1582.72
1.00	1673.00	48.51	2.95	9.23	18.56	11.32	9.55	0.00	0.24	0.00	0.00	87.26	0.00	10.44	0.00	1695.86
1.00	1673.00	45.41	2.64	8.75	23.71	10.55	8.82	0.00	0.23	0.00	0.00	85.20	0.00	12.33	0.00	1635.58
1.50	1673.15	54.83	0.40	7.78	5.07	12.93	15.33	0.00	0.33	0.11	0.00	52.04	11.43	35.97	0.56	1443.04
1.50	1673.15	52.19	0.00	15.33	10.05	8.92	10.97	0.00	0.00	0.00	0.00	61.41	1.56	35.02	2.02	1644.36
1.50	1673.15	56.28	0.34	15.76	5.16	3.34	11.35	0.00	2.62	2.50	0.00	61.92	0.37	37.08	0.63	1209.73
1.50	1908.15	49.42	0.87	9.39	11.32	16.94	7.79	0.00	1.22	0.73	0.00	57.98	5.12	34.57	2.33	1496.00
1.50	2073.15	47.88	0.02	10.08	0.90	20.62	18.25	0.00	0.08	0.00	0.00	6.12	63.74	28.64	0.05	1380.47
1.50	2073.15	47.76	0.03	10.83	0.89	20.39	18.20	0.00	0.07	0.00	0.00	4.71	68.72	24.79	0.00	968.71
1.50	1873.00	40.74	0.00	14.30	13.51	14.66	14.95	0.00	0.12	0.00	0.00	27.23	45.09	27.95	1.04	1455.00
1.50	1873.00	42.75	0.00	15.05	8.12	15.78	16.12	0.00	0.11	0.00	0.00	26.36	45.64	28.78	0.63	1264.00
0.00	1673.15	63.20	0.00	13.30	9.80	4.00	9.40	0.00	0.00	0.00	0.00	63.53	0.00	36.47	0.00	1425.00
0.00	1673.15	63.70	0.00	13.60	9.70	4.10	9.40	0.00	0.00	0.00	0.00	63.53	0.00	36.47	0.00	1345.00
0.00	1673.15	63.20	0.00	13.40	9.60	4.00	9.40	0.00	0.00	0.00	0.00	63.53	0.00	36.47	0.00	1521.00
0.00	1673.15	63.70	0.00	13.40	8.80	4.00	9.50	0.00	0.00	0.00	0.00	63.53	0.00	36.47	0.00	1262.00
0.00	1673.15	67.70	0.00	15.00	1.86	4.60	10.10	0.00	0.00	0.00	0.00	63.53	0.00	36.47	0.00	960.00
0.00	1673.15	61.80	0.00	13.20	11.90	4.00	9.20	0.00	0.00	0.00	0.00	63.53	0.00	36.47	0.00	1580.00
0.00	1673.15	64.90	0.00	13.80	7.50	4.10	9.70	0.00	0.00	0.00	0.00	63.53	0.00	36.47	0.00	1106.00
0.00	1673.15	55.50	1.40	16.10	5.20	8.10	13.30	0.00	0.00	0.00	0.00	63.53	0.00	36.47	0.00	1625.00
0.00	1673.15	55.30	1.40	16.90	3.70	8.70	13.50	0.00	0.00	0.00	0.00	63.53	0.00	36.47	0.00	1683.00
0.00	1673.15	57.30	2.40	14.70	5.60	9.00	9.90	0.00	0.00	0.00	0.00	63.53	0.00	36.47	0.00	1588.00
0.00	1673.15	58.60	2.50	16.00	2.60	9.90	10.20	0.00	0.00	0.00	0.00	63.53	0.00	36.47	0.00	1639.00
0.00	1673.15	57.60	2.40	15.70	3.90	9.80	10.20	0.00	0.00	0.00	0.00	63.53	0.00	36.47	0.00	1567.00
0.00	1673.15	55.90	0.00	16.30	5.50	12.00	9.70	0.00	0.00	0.00	0.00	63.53	0.00	36.47	0.00	1576.00
0.00	1673.15	56.90	0.00	17.50	2.60	13.10	9.90	0.00	0.00	0.00	0.00	63.53	0.00	36.47	0.00	1711.00
0.00	1673.15	55.90	0.00	17.40	3.70	12.80	9.90	0.00	0.00	0.00	0.00	63.53	0.00	36.47	0.00	1528.00
0.00	1673.15	60.00	0.00	11.20	10.10	12.40	6.30	0.00	0.00	0.00	0.00	63.53	0.00	36.47	0.00	1480.00
0.00	1673.15	59.70	0.00	11.10	9.90	12.20	6.20	0.00	0.00	0.00	0.00	63.53	0.00	36.47	0.00	1477.00
0.00	1673.15	60.40	0.00	11.20	9.70	12.40	6.30	0.00	0.00	0.00	0.00	63.53	0.00	36.47	0.00	1417.00
0.00	1673.15	62.90	0.00	11.60	5.70	12.70	6.60	0.00	0.00	0.00	0.00	63.53	0.00	36.47	0.00	1374.00
0.00	1673.15	64.00	0.00	12.60	2.70	13.80	6.80	0.00	0.00	0.00	0.00	63.53	0.00	36.47	0.00	1433.00
0.00	1673.15	60.40	0.00	11.20	9.60	12.40	6.30	0.00	0.00	0.00	0.00	63.53	0.00	36.47	0.00	1552.00
0.00	1673.15	63.00	0.00	12.40	3.90	13.50	6.70	0.00	0.00	0.00	0.00	63.53	0.00	36.47	0.00	1306.00
0.50	1673.15	52.00	2.13	17.68	8.40	7.30	10.18	0.00	1.34	0.97	0.00	63.53	0.00	36.47	0.00	1640.00
1.50	1673.15	51.80	2.50	17.70	8.60	7.30	9.94	0.00	1.22	0.90	0.00	63.53	0.00	36.47	0.00	1220.00
0.50	1673.15	50.42	1.80	16.92	9.95	7.06	9.66	0.00	2.45	0.79	0.00	63.53	0.00	36.47	0.00	1725.00
1.50	1673.15	47.62	1.76	17.88	10.17	6.73	9.52	0.00	2.71	0.85	0.00	63.53	0.00	36.47	0.00	1380.00
1.50	1773.15	51.34	1.57	17.62	9.80	7.44	9.29	0.00	2.93	0.80	0.00	63.53	0.00	36.47	0.00	1570.00
5.50	2073.15	50.20	1.60	17.21	10.22	7.40	10.11	0.00	1.90	0.90	0.00	63.53	0.00	36.47	0.00	1335.00
4.00	2073.15	48.88	0.71	10.54	11.57	16.31	9.76	0.00	1.71	0.39	0.00	63.53	0.00	36.47	0.00	1650.00
1.00	1703.00	59.30	0.82	15.90	8.24	1.96	5.58	0.00	4.07	1.96	0.00	63.50	0.33	34.30	1.77	1070.00
1.00	1673.00	60.50	0.79	16.20	7.94	1.97	5.57	0.00	4.21	2.01	0.00	63.53	0.00	36.47	0.00	1002.00
1.00	1623.00	59.90	0.75	16.20	8.43	2.02	5.70	0.00	4.17	1.96	0.00	63.20	0.21	35.10	0.87	1055.00
1.00	1623.00	48.20	1.65	16.90	9.81	6.32	10.80	0.00	3.34	1.82	0.00	62.30	0.67	35.00	1.36	1545.00
1.00	1573.00	47.90	1.68	16.60	9.48	6.33	10.90	0.00	3.29	1.83	0.00	62.30	0.24	34.90	2.27	1489.00
1.00	1523.00	48.50	1.65	16.70	9.24	6.31	10.80	0.00	3.36	1.85	0.00	62.70	0.41	34.80	2.51	1417.00
0.50	1523.00	49.40	1.69	17.00	8.40	6.41	10.90	0.00	3.38	1.78	0.00	63.53	0.00	36.47	0.00	1386.00
1.00	1523.00	48.00	1.65	16.80	10.00	6.25	10.70	0.00	3.31	1.82	0.00	63.53	0.00	36.47	0.00	1378.00
1.00	1523.00	47.70	1.64	16.80	9.63	6.24	10.50	0.00	3.32	1.80	0.00	63.53	0.00	36.47	0.00	1378.00
1.00	1523.00	47.30	1.64	16.70	9.75	6.01	10.40	0.00	3.29	1.84	2.80	63.53	0.00	36.47	0.00	1231.00
1.00	1623.00	48.00	1.66	16.60	10.20	6.21	10.40	0.00	3.10	1.78	0.00	63.53	0.00	36.47	0.00	1539.00
1.00	1523.00	50.00	1.28	16.10	9.90	8.48	11.00	0.00	2.59	0.00	0.00	63.53	0.00	36.47	0.00	1214.00
2.40	1773.15	50.00	0.21	9.66	5.92	22.60	10.80	0.29	0.24	0.00	0.00	62.30	0.37	36.70	0.00	1610.00
1.00	1623.15	44.70	0.00	16.20	11.90	8.08	16.80	0.03	0.00	0.00	0.00	60.70	1.56	36.80	0.00	1690.00
1.00	1723.15	51.70	0.56	13.50	7.93	13.80	8.15	0.02	3.17	0.77	0.00	60.80	0.41	36.20	0.00	1500.00
0.00	1473.15	51.67	6.09	9.57	5.89	9.76	12.15	0.00	1.79	1.13	0.00	59.82	1.85	36.83	0.00	1284.00
0.00	1473.15	50.86	6.33	10.39	4.76	11.02	12.77	0.00	1.09	0.58	0.00	59.12	1.52	38.14	0.00	1256.00
0.00	1473.15	50.37	5.59	9.34	8.18	9.82	12.03	0.00	1.49	0.99	0.00	60.32	1.99	36.69	0.00	1615.00
1.00	1523.00	49.90	1.38	16.60	10.50	7.80	10.80	0.00	2.71	0.12	0.90	63.53	0.00	36.47	0.00	1180.00
1.00	1523.00	49.80	1.31	15.80	10.10	8.60	11.20	0.00	2.48	0.09	0.70	63.53	0.00	36.47	0.00	1246.00
1.00	1523.00	50.20	1.26	15.40	9.00	9.10	11.50	0.00	2.39	0.10	2.60	63.53	0.00	36.47	0.00	1248.00
1.00	1523.00	48.90	1.31	14.00	9.60	8.80	11.30	0.00	2.32	0.09	2.80	63.53	0.00	36.47	0.00	1409.00
1.00	1523.00	49.70	1.41	16.10	10.30	7.80	10.80	0.00	2.65	0.10	0.00	63.53	0.00	36.47	0.00	1218.00
1.00	1523.00	58.50	0.78	15.40	7.70	1.90	5.41	0.00	3.74	1.92	4.10	63.53	0.00	36.47	0.00	1094.00
1.00	1523.00	58.30	0.82	15.40	7.70	1.88	5.40	0.00	3.65	1.87	4.60	63.53	0.00	36.47	0.00	1167.00
1.00	1523.00	58.00	0.79	15.30	7.70	1.88	5.40	0.00	3.52	1.73	7.30	63.53	0.00	36.47	0.00	1265.00
1.60	1628.15	47.40	0.73	18.10	8.60	11.20	11.00	0.03	2.40	0.00	0.00	63.53	0.00	36.47	0.00	1400.00
1.60	1628.15	47.90	0.68	18.20	7.00	12.10	11.40	0.05	2.30	0.00	0.00	63.53	0.00	36.47	0.00	1300.00
1.60	1628.15	47.70	0.72	18.20	8.20	11.40	11.10	0.04	2.40	0.00	0.00	63.53	0.00	36.47	0.00	1400.00
1.60	1628.15	47.90	0.74	18.30	7.90	11.50	11.40	0.05	2.40	0.00	0.00	63.53	0.00	36.47	0.00	1400.00
1.60	1628.15	47.50	0.72	18.00	8.30	11.50	10.90	0.04	2.40	0.00	0.00	63.53	0.00	36.47	0.00	1500.00
1.60	1628.15	47.60	0.69	17.90	7.80	12.60	11.00	0.06	2.20	0.00	0.00	63.53	0.00	36.47	0.00	1600.00
1.60	1628.15	47.70	0.72	18.50	8.20	10.90	11.30	0.02	2.50	0.00	0.00	63.53	0.00	36.47	0.00	1400.00
1.10	1588.15	49.00	0.67	18.30	4.90	11.90	12.10	0.06	2.60	0.00	0.00	63.53	0.00	36.47	0.00	1100.00
1.20	1588.15	48.00	0.61	18.40	5.10	12.60	11.50	0.09	1.78	0.00	0.00	63.53	0.00	36.47	0.00	1500.00
1.00	1573.15	47.10	0.70	17.70	8.70	11.90	10.80	0.07	2.21	0.00	0.00	63.53	0.00	36.47	0.00	1600.00
1.00	1573.15	50.10	0.71	17.40	5.20	11.60	11.90	0.11	2.60	0.00	0.00	63.53	0.00	36.47	0.00	1100.00
1.00	1573.15	50.10	0.73	18.00	5.30	11.10	11.60	0.12	2.52	0.00	0.00	63.53	0.00	36.47	0.00	1100.00
0.00	1626.15	51.50	0.34	10.47	9.40	17.65	9.32	0.55	0.08	0.01	0.00	36.70	26.00	36.60	0.00	1310.00
0.00	1627.15	53.60	0.35	11.00	6.80	18.40	9.84	0.28	0.11	0.01	0.00	44.60	17.30	36.80	0.00	1400.00
0.00	1637.15	49.60	0.35	10.64	11.90	17.20	8.81	0.35	0.15	0.02	0.00	25.90	41.10	33.30	0.00	1010.00
0.00	1638.15	51.30	0.36	10.70	9.90	17.90	9.17	0.27	0.06	0.01	0.00	39.90	24.80	35.90	0.00	1450.00
0.00	1639.15	55.00	0.37	11.15	3.87	18.64	9.90	0.17	0.09	0.02	0.00	47.50	17.70	34.40	0.00	1530.00
1.25	1693.15	60.78	0.83	17.38	3.45	3.19	6.09	0.00	4.16	1.20	0.44	63.86	0.00	36.14	0.26	1400.00
2.00	1733.15	60.78	0.83	17.38	5.40	3.19	6.09	0.00	4.16	1.20	0.44	63.53	0.00	36.47	0.00	1200.00
2.00	1653.15	54.38	1.19	14.71	11.11	4.58	8.01	0.00	2.67	1.14	0.00	63.53	0.00	36.47	0.00	1400.00
2.00	1693.15	54.38	1.19	14.71	11.11	4.58	8.01	0.00	2.67	1.14	0.00	63.53	0.00	36.47	0.00	1500.00
2.00	1733.15	54.38	1.19	14.71	11.11	4.58	8.01	0.00	2.67	1.14	0.00	63.53	0.00	36.47	0.00	1700.00
3.00	1693.15	54.38	1.19	14.71	8.62	4.58	8.01	0.00	2.67	1.14	0.00	64.04	0.00	35.96	0.40	1100.00
2.00	1613.15	45.93	3.73	11.67	17.01	4.23	8.81	0.00	2.40	1.28	1.03	63.53	0.00	36.47	0.00	1700.00
0.80	1723.15	49.48	0.77	17.04	8.18	11.39	11.98	0.01	2.12	0.13	0.00	58.35	4.81	34.50	1.96	1601.00
0.80	1723.15	52.11	0.82	18.27	2.82	12.11	12.68	0.00	2.14	0.08	0.00	56.88	4.27	37.08	1.78	1642.00
0.80	1723.15	50.92	0.86	17.75	5.07	11.26	12.13	0.01	2.27	0.13	0.00	51.12	11.62	35.29	1.07	1300.00
0.80	1723.15	48.77	0.77	17.02	6.93	10.40	11.82	0.01	2.45	0.10	0.00	50.98	13.72	34.27	1.28	1310.00
0.80	1723.15	55.88	1.63	18.69	0.98	9.98	10.61	0.00	1.87	0.53	0.00	43.83	18.71	37.23	0.14	1466.00
0.80	1723.15	56.99	1.40	18.38	1.95	8.70	9.79	0.01	2.09	0.49	0.00	44.39	18.87	35.79	0.53	1309.00
0.80	1723.15	53.18	1.36	17.76	8.25	8.73	9.30	0.01	1.78	0.45	0.00	50.18	13.36	33.53	1.07	1049.00
0.80	1723.15	56.18	1.62	19.22	2.37	9.04	10.10	0.01	1.98	0.53	0.00	46.86	17.07	35.73	0.14	1180.00
0.80	1723.15	54.22	1.55	18.26	2.86	9.05	10.10	0.01	2.72	0.64	0.00	51.59	12.17	34.57	0.36	1622.00
1.50	1673.15	56.19	0.00	20.50	3.15	6.66	11.48	0.00	0.00	0.00	0.00	60.97	0.23	36.85	0.92	1100.00
1.50	1673.15	50.01	0.81	15.12	7.62	10.18	12.11	0.00	1.96	0.00	0.00	54.63	9.97	33.60	1.80	1560.74
1.50	1673.15	49.28	0.80	14.61	7.20	10.21	12.31	0.00	1.88	0.00	0.00	51.92	11.13	35.36	1.59	1633.36
1.50	1673.15	43.92	0.02	15.94	4.42	15.51	16.81	0.00	0.23	0.00	0.00	30.68	35.99	32.82	0.52	1164.80
1.50	1673.15	46.72	0.73	14.32	11.57	9.50	11.32	0.00	1.53	0.13	0.00	31.16	36.52	31.72	0.60	1015.58
1.50	1573.15	48.50	0.80	14.81	9.24	10.05	12.06	0.00	1.81	0.00	0.00	61.25	0.66	35.98	2.11	1676.62
1.50	1573.15	48.22	0.89	16.82	9.62	8.52	10.87	0.00	2.02	0.21	0.00	59.71	0.66	37.56	2.07	1371.29
23.00	2473.00	49.31	0.13	5.18	4.68	36.05	3.70	0.36	0.00	0.00	0.00	57.70	0.11	38.80	1.50	1646.00
