4.091144775390625000e+03
4.095309326171875000e+03
4.917136718750000000e+03
4.960517578125000000e+03
4.449659179687500000e+03
4.449659179687500000e+03
4.440381835937500000e+03
4.957202148437500000e+03
5.020556640625000000e+03
5.020556640625000000e+03
5.020556640625000000e+03
5.020556640625000000e+03
5.020556640625000000e+03
5.020556640625000000e+03
5.020556640625000000e+03
5.020556640625000000e+03
5.020556640625000000e+03
5.020556640625000000e+03
5.020556640625000000e+03
5.020556640625000000e+03
5.020556640625000000e+03
5.020556640625000000e+03
5.020556640625000000e+03
5.020556640625000000e+03
5.020530761718750000e+03
5.020530761718750000e+03
5.020530761718750000e+03
4.695729003906250000e+03
4.695729003906250000e+03
4.695729003906250000e+03
4.695729003906250000e+03
4.695729003906250000e+03
4.695729003906250000e+03
4.695729003906250000e+03
4.813407714843750000e+03
4.813407714843750000e+03
4.813407714843750000e+03
4.813407714843750000e+03
4.813407714843750000e+03
4.813407714843750000e+03
