4.985588867187500000e+03
4.889735839843750000e+03
4.957002929687500000e+03
4.958980957031250000e+03
5.189639160156250000e+03
5.189639160156250000e+03
5.189639160156250000e+03
5.189639160156250000e+03
5.189639160156250000e+03
5.189639160156250000e+03
5.189639160156250000e+03
5.189639160156250000e+03
5.189639160156250000e+03
5.189639160156250000e+03
5.189586914062500000e+03
5.189586914062500000e+03
5.189586914062500000e+03
5.189586914062500000e+03
5.189586914062500000e+03
5.110305175781250000e+03
5.110305175781250000e+03
5.110305175781250000e+03
5.110305175781250000e+03
5.110305175781250000e+03
5.110305175781250000e+03
5.110305175781250000e+03
5.110305175781250000e+03
4.863305664062500000e+03
4.863305664062500000e+03
4.827320312500000000e+03
4.871742675781250000e+03
4.871742675781250000e+03
4.871742675781250000e+03
4.871742675781250000e+03
4.989446777343750000e+03
4.989446777343750000e+03
4.989446777343750000e+03
4.989446777343750000e+03
4.989446777343750000e+03
4.989446777343750000e+03
