4.268786132812500000e+03
4.260811035156250000e+03
4.263470703125000000e+03
4.263470703125000000e+03
4.263354492187500000e+03
4.263354492187500000e+03
4.263354492187500000e+03
4.263301757812500000e+03
4.263301757812500000e+03
4.143812011718750000e+03
4.064486083984375000e+03
4.064486083984375000e+03
4.064486083984375000e+03
4.064386962890625000e+03
3.964228759765625000e+03
3.964228759765625000e+03
3.964228759765625000e+03
3.968370605468750000e+03
3.968370605468750000e+03
3.968370605468750000e+03
3.968370605468750000e+03
3.968731201171875000e+03
3.968731201171875000e+03
3.968731201171875000e+03
3.968731201171875000e+03
3.968731201171875000e+03
3.968731201171875000e+03
3.968731201171875000e+03
3.968731201171875000e+03
3.968731201171875000e+03
3.968731201171875000e+03
3.968731201171875000e+03
3.968731201171875000e+03
3.968731201171875000e+03
3.968731201171875000e+03
3.968731201171875000e+03
3.968731201171875000e+03
3.968731201171875000e+03
3.968731201171875000e+03
3.968731201171875000e+03
3.968731201171875000e+03
3.968731201171875000e+03
3.968731201171875000e+03
3.968731201171875000e+03
3.968731201171875000e+03
3.968731201171875000e+03
3.968731201171875000e+03
3.968731201171875000e+03
3.968731201171875000e+03
3.968731201171875000e+03
3.968731201171875000e+03
3.968731201171875000e+03
3.968731201171875000e+03
3.968731201171875000e+03
3.968731201171875000e+03
3.968731201171875000e+03
