1.562590332031250000e+03
1.562590332031250000e+03
1.559218994140625000e+03
1.726538940429687500e+03
2.043059326171875000e+03
2.043259765625000000e+03
2.043259765625000000e+03
2.204332519531250000e+03
2.192383300781250000e+03
2.198946533203125000e+03
2.198501708984375000e+03
2.198501708984375000e+03
2.198686523437500000e+03
2.198765625000000000e+03
2.150518554687500000e+03
2.150518554687500000e+03
1.903690429687500000e+03
1.887795654296875000e+03
1.882460205078125000e+03
1.882460083007812500e+03
1.860106933593750000e+03
1.860106933593750000e+03
1.733302001953125000e+03
1.733302001953125000e+03
1.733302001953125000e+03
1.733302001953125000e+03
1.838579956054687500e+03
1.838579956054687500e+03
1.838579956054687500e+03
1.838579956054687500e+03
1.838579956054687500e+03
1.838579956054687500e+03
2.154501220703125000e+03
2.154501220703125000e+03
2.154501220703125000e+03
2.022223144531250000e+03
2.008988159179687500e+03
2.008988159179687500e+03
2.018928588867187500e+03
2.018928588867187500e+03
2.018928588867187500e+03
2.018928588867187500e+03
2.018928588867187500e+03
2.019625000000000000e+03
2.019625000000000000e+03
2.019625000000000000e+03
2.019625000000000000e+03
2.019625000000000000e+03
2.038364746093750000e+03
2.038364746093750000e+03
2.038370727539062500e+03
