1.202096801757812500e+03
1.836162597656250000e+03
1.548555908203125000e+03
1.929432128906250000e+03
2.445076171875000000e+03
2.465707031250000000e+03
2.465001953125000000e+03
2.465001953125000000e+03
2.099967285156250000e+03
2.099967041015625000e+03
2.099967041015625000e+03
2.099967041015625000e+03
2.099967041015625000e+03
2.099967041015625000e+03
2.049881103515625000e+03
2.049881103515625000e+03
2.049881103515625000e+03
2.054023437500000000e+03
2.054023437500000000e+03
2.054023437500000000e+03
2.054023437500000000e+03
2.054384033203125000e+03
2.054384033203125000e+03
2.054384033203125000e+03
2.054384033203125000e+03
2.054384033203125000e+03
2.054384033203125000e+03
2.054384033203125000e+03
2.054384033203125000e+03
2.054384033203125000e+03
2.054384033203125000e+03
2.054384033203125000e+03
2.054384033203125000e+03
2.054384033203125000e+03
2.054384033203125000e+03
2.054384033203125000e+03
2.054384033203125000e+03
2.054384033203125000e+03
2.054384033203125000e+03
2.054384033203125000e+03
2.054384033203125000e+03
2.054384033203125000e+03
2.054384033203125000e+03
2.054384033203125000e+03
2.054384033203125000e+03
2.054384033203125000e+03
2.054384033203125000e+03
2.054384033203125000e+03
2.054384033203125000e+03
2.054384033203125000e+03
2.054384033203125000e+03
2.054384033203125000e+03
2.054384033203125000e+03
2.054384033203125000e+03
2.054384033203125000e+03
2.054384033203125000e+03
