4.179160156250000000e+03
4.171519531250000000e+03
4.067399658203125000e+03
4.067399658203125000e+03
4.067283447265625000e+03
4.094322021484375000e+03
4.094322021484375000e+03
4.094322021484375000e+03
4.094322021484375000e+03
4.067871582031250000e+03
3.988419921875000000e+03
3.988419921875000000e+03
3.988422363281250000e+03
3.988323730468750000e+03
3.857279785156250000e+03
3.857279785156250000e+03
3.857279785156250000e+03
3.863414062500000000e+03
3.863414062500000000e+03
3.863414062500000000e+03
3.863414062500000000e+03
3.863774902343750000e+03
3.863774902343750000e+03
3.863774902343750000e+03
3.863774902343750000e+03
3.863774902343750000e+03
3.863774902343750000e+03
3.863774902343750000e+03
3.863774902343750000e+03
3.863774902343750000e+03
3.863774902343750000e+03
3.863774902343750000e+03
3.863774902343750000e+03
3.863774902343750000e+03
3.863774902343750000e+03
3.863774902343750000e+03
3.863774902343750000e+03
3.863774902343750000e+03
3.863774902343750000e+03
3.863774902343750000e+03
3.863774902343750000e+03
3.863774902343750000e+03
3.863774902343750000e+03
3.863774902343750000e+03
3.863774902343750000e+03
3.863774902343750000e+03
3.863774902343750000e+03
3.863774902343750000e+03
3.863774902343750000e+03
3.863774902343750000e+03
3.863774902343750000e+03
3.863774902343750000e+03
3.863774902343750000e+03
3.863774902343750000e+03
3.863774902343750000e+03
3.863774902343750000e+03
