3.700825439453125000e+03
3.700825439453125000e+03
3.700825439453125000e+03
3.703429443359375000e+03
3.430493164062500000e+03
3.430493164062500000e+03
3.449211425781250000e+03
3.449212402343750000e+03
3.446504394531250000e+03
3.446504394531250000e+03
3.448649414062500000e+03
3.487801269531250000e+03
3.488086181640625000e+03
3.488086181640625000e+03
3.488086181640625000e+03
3.488088134765625000e+03
3.488088134765625000e+03
3.488088134765625000e+03
3.488087158203125000e+03
3.470751220703125000e+03
3.470751220703125000e+03
3.470751220703125000e+03
4.316676757812500000e+03
4.316676757812500000e+03
4.559795410156250000e+03
4.559795410156250000e+03
4.510856445312500000e+03
4.534451660156250000e+03
4.590776855468750000e+03
4.590776855468750000e+03
4.590776855468750000e+03
4.566430664062500000e+03
4.566430664062500000e+03
4.566430664062500000e+03
4.566430664062500000e+03
4.566430664062500000e+03
4.566430664062500000e+03
4.996650390625000000e+03
4.856689453125000000e+03
4.856689453125000000e+03
4.877867187500000000e+03
4.651684570312500000e+03
4.651684570312500000e+03
4.651684570312500000e+03
4.651684570312500000e+03
4.651684570312500000e+03
4.651684570312500000e+03
4.651684570312500000e+03
4.651684570312500000e+03
4.651684570312500000e+03
4.651684570312500000e+03
4.655664062500000000e+03
4.655678710937500000e+03
4.655678710937500000e+03
4.655678710937500000e+03
4.655678710937500000e+03
4.655678710937500000e+03
4.655678710937500000e+03
4.655678710937500000e+03
4.857629882812500000e+03
4.857629882812500000e+03
4.866907714843750000e+03
4.866908203125000000e+03
4.866907714843750000e+03
4.866907714843750000e+03
4.866907714843750000e+03
4.866907714843750000e+03
4.866907714843750000e+03
4.866907714843750000e+03
4.862928710937500000e+03
4.862928710937500000e+03
4.862928710937500000e+03
4.862928710937500000e+03
4.862928710937500000e+03
4.862928710937500000e+03
4.620290039062500000e+03
4.620290039062500000e+03
4.620290039062500000e+03
4.620290039062500000e+03
4.620290039062500000e+03
4.620290039062500000e+03
4.620290039062500000e+03
4.620290039062500000e+03
4.620290039062500000e+03
4.620290039062500000e+03
4.620290039062500000e+03
4.620290039062500000e+03
4.620290039062500000e+03
4.620290039062500000e+03
4.620290039062500000e+03
4.620290039062500000e+03
4.620290039062500000e+03
4.620290039062500000e+03
4.620290039062500000e+03
4.620290039062500000e+03
4.620290039062500000e+03
4.620290039062500000e+03
4.620290039062500000e+03
4.620290039062500000e+03
4.620290039062500000e+03
4.650802734375000000e+03
4.511009765625000000e+03
4.511009765625000000e+03
4.511009765625000000e+03
4.511009765625000000e+03
4.511009765625000000e+03
4.511009765625000000e+03
4.511009765625000000e+03
4.511009765625000000e+03
4.511009765625000000e+03
4.511009765625000000e+03
4.511009765625000000e+03
4.511009765625000000e+03
4.508984375000000000e+03
4.508984375000000000e+03
4.508984375000000000e+03
4.506134765625000000e+03
4.506815429687500000e+03
4.506815429687500000e+03
4.507273437500000000e+03
4.507273437500000000e+03
4.507273437500000000e+03
4.507273437500000000e+03
4.507273437500000000e+03
4.533312500000000000e+03
3.432022460937500000e+03
3.432022460937500000e+03
3.431451660156250000e+03
3.431451660156250000e+03
3.431313476562500000e+03
3.382374511718750000e+03
3.421760009765625000e+03
3.421761474609375000e+03
3.421761474609375000e+03
3.421761474609375000e+03
3.095928466796875000e+03
3.112865234375000000e+03
3.112865234375000000e+03
3.112865234375000000e+03
3.136260253906250000e+03
3.136260253906250000e+03
4.630507812500000000e+03
4.651684570312500000e+03
4.651684570312500000e+03
4.660961914062500000e+03
4.660961914062500000e+03
4.660961914062500000e+03
4.660961914062500000e+03
4.664956054687500000e+03
4.664956054687500000e+03
4.664956054687500000e+03
4.664956054687500000e+03
4.866907226562500000e+03
4.866907226562500000e+03
4.862929199218750000e+03
4.862928710937500000e+03
4.862928710937500000e+03
4.862928710937500000e+03
4.862928710937500000e+03
4.862928710937500000e+03
4.862928710937500000e+03
4.862928710937500000e+03
4.620290039062500000e+03
4.620290039062500000e+03
4.620290039062500000e+03
4.621954589843750000e+03
4.617931152343750000e+03
4.617931152343750000e+03
4.617931152343750000e+03
4.617931152343750000e+03
4.617931152343750000e+03
4.617931152343750000e+03
4.617931152343750000e+03
4.617931152343750000e+03
4.617684570312500000e+03
4.648595214843750000e+03
3.783223144531250000e+03
3.783223144531250000e+03
3.783223144531250000e+03
3.643430664062500000e+03
3.643430664062500000e+03
3.643430664062500000e+03
3.644502441406250000e+03
3.644502441406250000e+03
3.644502441406250000e+03
3.644502441406250000e+03
3.641651855468750000e+03
3.642333007812500000e+03
3.642333251953125000e+03
3.642333251953125000e+03
3.642790771484375000e+03
3.642790771484375000e+03
3.642790771484375000e+03
3.642790771484375000e+03
3.642790771484375000e+03
3.642790771484375000e+03
3.642790771484375000e+03
3.668830322265625000e+03
3.671614013671875000e+03
3.671614013671875000e+03
3.671614013671875000e+03
3.670365478515625000e+03
3.670365478515625000e+03
3.611046142578125000e+03
3.611046142578125000e+03
3.611046142578125000e+03
3.611046142578125000e+03
3.611046142578125000e+03
3.611046142578125000e+03
3.611046142578125000e+03
3.611046142578125000e+03
3.611046142578125000e+03
3.611046142578125000e+03
3.610635498046875000e+03
3.624764404296875000e+03
3.624764404296875000e+03
