3.775057861328125000e+03
3.775060058593750000e+03
3.767360839843750000e+03
3.770611816406250000e+03
3.757091796875000000e+03
3.757091796875000000e+03
3.757091796875000000e+03
3.757091796875000000e+03
3.757091796875000000e+03
3.757091796875000000e+03
3.757091796875000000e+03
3.757091796875000000e+03
3.757091796875000000e+03
3.757091796875000000e+03
3.757091796875000000e+03
3.757091796875000000e+03
3.757091796875000000e+03
3.757091552734375000e+03
3.757091552734375000e+03
3.757091552734375000e+03
3.757091552734375000e+03
3.757091552734375000e+03
3.757091552734375000e+03
3.757091552734375000e+03
3.757067138671875000e+03
3.757067138671875000e+03
3.757067138671875000e+03
3.670942138671875000e+03
3.670942138671875000e+03
3.465866455078125000e+03
3.465866455078125000e+03
3.465866455078125000e+03
3.465866455078125000e+03
3.465866455078125000e+03
3.463535156250000000e+03
3.463535156250000000e+03
3.463535156250000000e+03
3.463535156250000000e+03
3.463535156250000000e+03
3.451818847656250000e+03
