1.930473510742187500e+03
1.931251586914062500e+03
1.931251586914062500e+03
1.931251586914062500e+03
1.931251586914062500e+03
1.931310424804687500e+03
1.931310424804687500e+03
1.923354980468750000e+03
1.923865478515625000e+03
1.923865478515625000e+03
1.923865478515625000e+03
1.923865478515625000e+03
1.725592041015625000e+03
1.724493164062500000e+03
1.725577636718750000e+03
1.725577636718750000e+03
1.725577636718750000e+03
1.725577636718750000e+03
1.708129882812500000e+03
1.708129882812500000e+03
1.708129882812500000e+03
1.708129882812500000e+03
1.581324951171875000e+03
1.581324951171875000e+03
1.581324951171875000e+03
1.607494628906250000e+03
1.519018310546875000e+03
1.519018310546875000e+03
1.519018310546875000e+03
1.519018310546875000e+03
1.519018310546875000e+03
1.519018310546875000e+03
1.519018310546875000e+03
1.519018310546875000e+03
1.519018310546875000e+03
1.519018310546875000e+03
1.519018310546875000e+03
1.519018310546875000e+03
1.518901855468750000e+03
1.518901855468750000e+03
1.518901855468750000e+03
1.518901855468750000e+03
1.518901855468750000e+03
1.518901855468750000e+03
1.518901855468750000e+03
1.518901855468750000e+03
1.518901855468750000e+03
1.518901855468750000e+03
1.477549804687500000e+03
1.477549804687500000e+03
1.477549804687500000e+03
