4.100291015625000000e+03
4.115625976562500000e+03
4.980109375000000000e+03
5.087466796875000000e+03
4.511009765625000000e+03
4.511009765625000000e+03
4.501732421875000000e+03
5.074199218750000000e+03
5.147877929687500000e+03
5.147877929687500000e+03
5.147877929687500000e+03
5.147877929687500000e+03
5.147877929687500000e+03
5.147877929687500000e+03
5.147877929687500000e+03
5.147877929687500000e+03
5.147877929687500000e+03
5.147877929687500000e+03
5.147877929687500000e+03
5.147877929687500000e+03
5.147877929687500000e+03
5.147877929687500000e+03
5.147877929687500000e+03
5.147877929687500000e+03
5.147852050781250000e+03
5.147852050781250000e+03
5.147852050781250000e+03
4.860722656250000000e+03
4.860722656250000000e+03
4.714448242187500000e+03
4.714448242187500000e+03
4.714448242187500000e+03
4.714448242187500000e+03
4.714448242187500000e+03
4.829981445312500000e+03
4.829981445312500000e+03
4.829981445312500000e+03
4.829981445312500000e+03
4.829981445312500000e+03
4.826876464843750000e+03
