4.857225097656250000e+03
4.857225097656250000e+03
4.857225097656250000e+03
4.857226074218750000e+03
4.857226074218750000e+03
4.857284667968750000e+03
4.857284667968750000e+03
4.849328125000000000e+03
4.845268066406250000e+03
4.845268066406250000e+03
4.845268066406250000e+03
4.845268066406250000e+03
4.836234863281250000e+03
4.835586425781250000e+03
4.835586425781250000e+03
4.835586425781250000e+03
4.835586425781250000e+03
4.835586425781250000e+03
4.804817871093750000e+03
4.804817871093750000e+03
4.850589843750000000e+03
4.850589843750000000e+03
4.850589843750000000e+03
4.850589843750000000e+03
4.850589843750000000e+03
4.850589843750000000e+03
4.850589843750000000e+03
4.850589843750000000e+03
4.850589843750000000e+03
4.850589843750000000e+03
4.850589843750000000e+03
4.850589843750000000e+03
4.850589843750000000e+03
4.553505371093750000e+03
4.553505371093750000e+03
4.553505371093750000e+03
4.553505371093750000e+03
4.553505371093750000e+03
4.553389160156250000e+03
4.553389160156250000e+03
4.553389160156250000e+03
4.553389160156250000e+03
4.553389160156250000e+03
4.553389160156250000e+03
4.553389160156250000e+03
4.553389160156250000e+03
4.553389160156250000e+03
4.553389160156250000e+03
4.553389160156250000e+03
4.553389160156250000e+03
4.553389160156250000e+03
