3.272714111328125000e+03
4.787601562500000000e+03
4.787601562500000000e+03
4.787602539062500000e+03
4.787602539062500000e+03
4.788270507812500000e+03
4.881857421875000000e+03
4.873899902343750000e+03
4.844633789062500000e+03
4.844633789062500000e+03
4.844633789062500000e+03
4.844633789062500000e+03
4.835600585937500000e+03
4.834501953125000000e+03
4.835586425781250000e+03
4.835586425781250000e+03
4.835586425781250000e+03
4.835586425781250000e+03
4.804817871093750000e+03
4.804817871093750000e+03
4.850589843750000000e+03
4.850589843750000000e+03
4.850589843750000000e+03
4.850589843750000000e+03
4.850589843750000000e+03
4.850589843750000000e+03
4.850589843750000000e+03
4.850589843750000000e+03
4.850589843750000000e+03
4.850589843750000000e+03
4.850589843750000000e+03
4.850589843750000000e+03
4.850589843750000000e+03
4.553505371093750000e+03
4.553505371093750000e+03
4.553505371093750000e+03
4.553505371093750000e+03
4.553505371093750000e+03
4.553389160156250000e+03
4.553389160156250000e+03
4.553389160156250000e+03
4.553389160156250000e+03
4.553389160156250000e+03
4.553389160156250000e+03
4.553389160156250000e+03
4.553389160156250000e+03
4.553389160156250000e+03
4.553389160156250000e+03
4.553389160156250000e+03
4.553389160156250000e+03
4.553389160156250000e+03
