4.339512207031250000e+03
4.339512207031250000e+03
4.339512207031250000e+03
4.339513183593750000e+03
4.339513183593750000e+03
4.339571777343750000e+03
4.339571777343750000e+03
4.331871582031250000e+03
4.327811523437500000e+03
4.327811523437500000e+03
4.327811523437500000e+03
4.327811523437500000e+03
4.296986328125000000e+03
4.296337890625000000e+03
4.296337890625000000e+03
4.296337890625000000e+03
4.296337890625000000e+03
4.296337890625000000e+03
4.265569335937500000e+03
4.265569335937500000e+03
4.311341796875000000e+03
4.311341796875000000e+03
4.311341796875000000e+03
4.311341796875000000e+03
4.311341796875000000e+03
4.311341796875000000e+03
4.311341796875000000e+03
4.311341796875000000e+03
4.311341796875000000e+03
4.311341796875000000e+03
4.311341796875000000e+03
4.311341796875000000e+03
4.311341796875000000e+03
4.311341796875000000e+03
4.311341796875000000e+03
4.311341796875000000e+03
4.311341796875000000e+03
4.311341796875000000e+03
4.311225585937500000e+03
4.311225585937500000e+03
4.311225585937500000e+03
4.311225585937500000e+03
4.311225585937500000e+03
4.311225585937500000e+03
4.311225585937500000e+03
4.311225585937500000e+03
4.311225585937500000e+03
4.311225585937500000e+03
4.338263671875000000e+03
4.338263671875000000e+03
4.338263671875000000e+03
